"","data_set","unit","prediction_horizon","lag_structure","prediction_time","pred_mean","pred_var","cor1","cor2","cor3","cor4","cor5","cor6","cor7","cor8","cor9","cor10","cor11","cor12","obs","unit_wise_dss","multiv_dss"
"1","noroBE",1,1,"unres",208,5.26858092232154,9.89309150330988,1,0,0,0,0,0,0,0,0,0,0,0,9,1.18633683352538,1.38165432809677
"2","noroBE",2,1,"unres",208,2.73356650702588,3.97847593752236,0,1,0,0,0,0,0,0,0,0,0,0,3,0.133576620201451,1.38165432809677
"3","noroBE",3,1,"unres",208,3.88416890033362,6.39764454222164,0,0,1,0,0,0,0,0,0,0,0,0,4,0.0457946902742577,1.38165432809677
"4","noroBE",4,1,"unres",208,2.66411722286796,3.84657360012353,0,0,0,1,0,0,0,0,0,0,0,0,2,-0.33861619076206,1.38165432809677
"5","noroBE",5,1,"unres",208,4.12584700185308,6.96183707067904,0,0,0,0,1,0,0,0,0,0,0,0,5,0.331303118505065,1.38165432809677
"6","noroBE",6,1,"unres",208,4.2850791448266,7.3441966764824,0,0,0,0,0,1,0,0,0,0,0,0,4,-0.105194564014189,1.38165432809677
"7","noroBE",7,1,"unres",208,9.86178818530156,26.0645783738844,0,0,0,0,0,0,1,0,0,0,0,0,7,-0.560547131325085,1.38165432809677
"8","noroBE",8,1,"unres",208,10.6206869802215,29.4131492080342,0,0,0,0,0,0,0,1,0,0,0,0,5,-1.03637907740657,1.38165432809677
"9","noroBE",9,1,"unres",208,6.03749398644625,12.1103346987893,0,0,0,0,0,0,0,0,1,0,0,0,3,-0.872845452817725,1.38165432809677
"10","noroBE",10,1,"unres",208,16.2903607242256,60.5023310561077,0,0,0,0,0,0,0,0,0,1,0,0,16,-0.037329469419285,1.38165432809677
"11","noroBE",11,1,"unres",208,6.14465711800886,12.4349921134545,0,0,0,0,0,0,0,0,0,0,1,0,7,0.242559053082265,1.38165432809677
"12","noroBE",12,1,"unres",208,4.79864771418755,8.63497988342458,0,0,0,0,0,0,0,0,0,0,0,1,7,0.749132922886499,1.38165432809677
"13","noroBE",1,2,"unres",208,8.32299476022904,20.3987119309471,1,0.004,0.002,0.001,0.008,0.004,0.005,0.015,0.014,0.02,0.011,0.002,7,-0.29292521117621,1.61852941193175
"14","noroBE",2,2,"unres",208,4.49828926477819,8.03794720875278,0.004,1,0.008,0.003,0.008,0.009,0.014,0.007,0.005,0.009,0.01,0.011,4,-0.175755512753097,1.61852941193175
"15","noroBE",3,2,"unres",208,6.74845144392617,14.8636176519856,0.002,0.008,1,0.007,0.005,0.005,0.015,0.007,0.004,0.004,0.004,0.012,9,0.584008347437698,1.61852941193175
"16","noroBE",4,2,"unres",208,6.0389044464336,12.4345816499971,0.001,0.003,0.007,1,0.002,0.003,0.005,0.003,0.002,0.002,0.002,0.01,7,0.272553007615308,1.61852941193175
"17","noroBE",5,2,"unres",208,7.12073885604294,16.0425113392289,0.008,0.008,0.005,0.002,1,0.005,0.014,0.018,0.008,0.009,0.011,0.005,8,0.219523846549316,1.61852941193175
"18","noroBE",6,2,"unres",208,6.29576725440296,13.5703023099264,0.004,0.009,0.005,0.003,0.005,1,0.006,0.004,0.004,0.01,0.013,0.013,4,-0.623208109134343,1.61852941193175
"19","noroBE",7,2,"unres",208,13.3661331370527,47.044804771923,0.005,0.014,0.015,0.005,0.014,0.006,1,0.022,0.008,0.004,0.006,0.007,13,-0.053380569322151,1.61852941193175
"20","noroBE",8,2,"unres",208,11.1017933249719,35.8809739891411,0.015,0.007,0.007,0.003,0.018,0.004,0.022,1,0.025,0.01,0.008,0.004,13,0.316892079568987,1.61852941193175
"21","noroBE",9,2,"unres",208,7.34530534594864,17.9846828172222,0.014,0.005,0.004,0.002,0.008,0.004,0.008,0.025,1,0.033,0.01,0.003,4,-0.788831733180667,1.61852941193175
"22","noroBE",10,2,"unres",208,18.5100235429084,89.2272588149748,0.02,0.009,0.004,0.002,0.009,0.01,0.004,0.01,0.033,1,0.028,0.005,13,-0.583317060980757,1.61852941193175
"23","noroBE",11,2,"unres",208,9.44634984414631,25.7121462744061,0.011,0.01,0.004,0.002,0.011,0.013,0.006,0.008,0.01,0.028,1,0.006,8,-0.285235901864499,1.61852941193175
"24","noroBE",12,2,"unres",208,6.95582526006578,16.165303934468,0.002,0.011,0.012,0.01,0.005,0.013,0.007,0.004,0.003,0.005,0.006,1,5,-0.486449894602547,1.61852941193175
"25","noroBE",1,3,"unres",208,8.57610853859997,22.1569970379524,1,0.01,0.006,0.003,0.019,0.011,0.012,0.031,0.032,0.043,0.026,0.006,6,-0.547278903497835,2.12307239939005
"26","noroBE",2,3,"unres",208,5.02852875670205,9.66764508651726,0.01,1,0.02,0.008,0.019,0.021,0.03,0.017,0.011,0.019,0.023,0.023,3,-0.65241031590595,2.12307239939005
"27","noroBE",3,3,"unres",208,7.51332940826288,18.3907162273518,0.006,0.02,1,0.019,0.011,0.011,0.032,0.016,0.009,0.009,0.011,0.027,4,-0.819255846551763,2.12307239939005
"28","noroBE",4,3,"unres",208,6.83907195937705,15.7944458217825,0.003,0.008,0.019,1,0.005,0.009,0.011,0.007,0.004,0.005,0.005,0.024,8,0.292114493160047,2.12307239939005
"29","noroBE",5,3,"unres",208,7.84704069204129,19.3958096989952,0.019,0.019,0.011,0.005,1,0.012,0.031,0.036,0.017,0.019,0.025,0.011,7,-0.192331455070722,2.12307239939005
"30","noroBE",6,3,"unres",208,6.78946898175138,16.0411420856704,0.011,0.021,0.011,0.009,0.012,1,0.014,0.01,0.011,0.021,0.028,0.029,15,2.04999878341138,2.12307239939005
"31","noroBE",7,3,"unres",208,14.4611102900881,58.480088573544,0.012,0.03,0.032,0.011,0.031,0.014,1,0.045,0.018,0.01,0.014,0.016,15,0.0704686383766767,2.12307239939005
"32","noroBE",8,3,"unres",208,10.9472477403257,38.4665519966446,0.031,0.017,0.016,0.007,0.036,0.01,0.045,1,0.049,0.024,0.019,0.01,19,1.29838266543931,2.12307239939005
"33","noroBE",9,3,"unres",208,7.83606460404711,21.4608081315698,0.032,0.011,0.009,0.004,0.017,0.011,0.018,0.049,1,0.066,0.023,0.007,1,-1.47564918551387,2.12307239939005
"34","noroBE",10,3,"unres",208,18.7564331742489,105.677219588698,0.043,0.019,0.009,0.005,0.019,0.021,0.01,0.024,0.066,1,0.055,0.011,19,0.0236934033136488,2.12307239939005
"35","noroBE",11,3,"unres",208,10.5971244490935,32.917180841299,0.026,0.023,0.011,0.005,0.025,0.028,0.014,0.019,0.023,0.055,1,0.014,10,-0.104076705624978,2.12307239939005
"36","noroBE",12,3,"unres",208,7.92456169142865,21.167313142061,0.006,0.023,0.027,0.024,0.011,0.029,0.016,0.01,0.007,0.011,0.014,1,15,1.53787303228917,2.12307239939005
"37","noroBE",1,4,"unres",208,8.83721790464354,23.687397376174,1,0.016,0.01,0.005,0.028,0.016,0.019,0.043,0.046,0.061,0.037,0.01,6,-0.582953640760281,2.03078454021993
"38","noroBE",2,4,"unres",208,5.53692105360483,11.2864754783096,0.016,1,0.028,0.013,0.027,0.029,0.041,0.025,0.018,0.028,0.033,0.032,2,-1.05280077268934,2.03078454021993
"39","noroBE",3,4,"unres",208,8.28496368829459,21.9514149459444,0.01,0.028,1,0.028,0.018,0.017,0.044,0.024,0.014,0.014,0.017,0.038,4,-0.914567757069444,2.03078454021993
"40","noroBE",4,4,"unres",208,7.39474946304607,18.3167705348929,0.005,0.013,0.028,1,0.008,0.013,0.016,0.01,0.007,0.007,0.008,0.035,5,-0.559545789596554,2.03078454021993
"41","noroBE",5,4,"unres",208,8.48735929087372,22.4132094705913,0.028,0.027,0.018,0.008,1,0.018,0.043,0.049,0.027,0.029,0.035,0.017,4,-0.947848263391863,2.03078454021993
"42","noroBE",6,4,"unres",208,7.37025255971956,18.6769367669324,0.016,0.029,0.017,0.013,0.018,1,0.02,0.016,0.017,0.031,0.04,0.04,6,-0.317064630447765,2.03078454021993
"43","noroBE",7,4,"unres",208,15.6649714171768,70.3000385088964,0.019,0.041,0.044,0.016,0.043,0.02,1,0.062,0.027,0.017,0.022,0.023,16,0.0399580309382951,2.03078454021993
"44","noroBE",8,4,"unres",208,11.2971548423732,42.4293946087893,0.043,0.025,0.024,0.01,0.049,0.016,0.062,1,0.067,0.037,0.029,0.016,9,-0.352660527431181,2.03078454021993
"45","noroBE",9,4,"unres",208,8.37341454530083,24.9608284475692,0.046,0.018,0.014,0.007,0.027,0.017,0.027,0.067,1,0.092,0.036,0.012,9,0.125415383763367,2.03078454021993
"46","noroBE",10,4,"unres",208,19.6570741575528,124.923925223579,0.061,0.028,0.014,0.007,0.029,0.031,0.017,0.037,0.092,1,0.076,0.017,28,0.74644114854199,2.03078454021993
"47","noroBE",11,4,"unres",208,11.7309841788494,40.2742807993338,0.037,0.033,0.017,0.008,0.035,0.04,0.022,0.029,0.036,0.076,1,0.021,24,1.93328476980592,2.03078454021993
"48","noroBE",12,4,"unres",208,8.88675100291325,26.3692196522437,0.01,0.032,0.038,0.035,0.017,0.04,0.023,0.016,0.012,0.017,0.021,1,9,0.0220539164905927,2.03078454021993
"49","noroBE",1,1,"unres",209,8.83428983960321,21.7283171876486,1,0,0,0,0,0,0,0,0,0,0,0,7,-0.393509221641103,1.59559900343396
"50","noroBE",2,1,"unres",209,4.52002064728495,7.89542757128116,0,1,0,0,0,0,0,0,0,0,0,0,4,-0.185068608923301,1.59559900343396
"51","noroBE",3,1,"unres",209,6.70842259260906,14.1435108030149,0,0,1,0,0,0,0,0,0,0,0,0,9,0.609334711072214,1.59559900343396
"52","noroBE",4,1,"unres",209,5.90565738820119,11.6677707192488,0,0,0,1,0,0,0,0,0,0,0,0,7,0.320375551701804,1.59559900343396
"53","noroBE",5,1,"unres",209,7.16337940597656,15.6411411602367,0,0,0,0,1,0,0,0,0,0,0,0,8,0.211540892870945,1.59559900343396
"54","noroBE",6,1,"unres",209,6.28321158869919,12.8056302140742,0,0,0,0,0,1,0,0,0,0,0,0,4,-0.63803673177583,1.59559900343396
"55","noroBE",7,1,"unres",209,12.1667407287441,36.6232126680276,0,0,0,0,0,0,1,0,0,0,0,0,13,0.13768985262396,1.59559900343396
"56","noroBE",8,1,"unres",209,9.03990187712904,22.5411131263734,0,0,0,0,0,0,0,1,0,0,0,0,13,0.834100281305536,1.59559900343396
"57","noroBE",9,1,"unres",209,6.2494271054582,12.7018929313357,0,0,0,0,0,0,0,0,1,0,0,0,4,-0.631157431675643,1.59559900343396
"58","noroBE",10,1,"unres",209,18.2915392015325,73.5687096278168,0,0,0,0,0,0,0,0,0,1,0,0,13,-0.616929373456633,1.59559900343396
"59","noroBE",11,1,"unres",209,9.71680565540881,25.3156467059671,0,0,0,0,0,0,0,0,0,0,1,0,8,-0.341213827302841,1.59559900343396
"60","noroBE",12,1,"unres",209,7.58908140328422,17.1044085007605,0,0,0,0,0,0,0,0,0,0,0,1,5,-0.626024997595761,1.59559900343396
"61","noroBE",1,2,"unres",209,8.81349577966827,22.7900506926144,1,0.006,0.003,0.002,0.013,0.007,0.007,0.019,0.02,0.026,0.017,0.004,6,-0.589350454020733,2.14884664547152
"62","noroBE",2,2,"unres",209,5.01000172283116,9.47920495342042,0.006,1,0.014,0.006,0.013,0.014,0.019,0.009,0.006,0.011,0.016,0.016,3,-0.652845587264737,2.14884664547152
"63","noroBE",3,2,"unres",209,7.43724682682103,17.7003682003062,0.003,0.014,1,0.015,0.007,0.007,0.021,0.009,0.005,0.005,0.007,0.019,4,-0.816995321220134,2.14884664547152
"64","noroBE",4,2,"unres",209,6.73523103886755,15.1626510429935,0.002,0.006,0.015,1,0.003,0.006,0.007,0.004,0.002,0.003,0.003,0.018,8,0.324805690173791,2.14884664547152
"65","noroBE",5,2,"unres",209,7.78518194966275,18.7983828549857,0.013,0.013,0.007,0.003,1,0.007,0.02,0.021,0.01,0.011,0.017,0.007,7,-0.181096502115032,2.14884664547152
"66","noroBE",6,2,"unres",209,6.77608450934867,15.5224173034146,0.007,0.014,0.007,0.006,0.007,1,0.008,0.005,0.006,0.012,0.019,0.02,15,2.08736771225815,2.14884664547152
"67","noroBE",7,2,"unres",209,13.3982465497986,48.4246476269803,0.007,0.019,0.021,0.007,0.02,0.008,1,0.027,0.01,0.005,0.009,0.009,15,0.230177269322023,2.14884664547152
"68","noroBE",8,2,"unres",209,9.23851839148831,26.5586328142611,0.019,0.009,0.009,0.004,0.021,0.005,0.027,1,0.027,0.014,0.011,0.005,19,1.89414352202331,2.14884664547152
"69","noroBE",9,2,"unres",209,6.91277686931411,16.5104176338775,0.02,0.006,0.005,0.002,0.01,0.006,0.01,0.027,1,0.04,0.013,0.004,1,-1.45516573856067,2.14884664547152
"70","noroBE",10,2,"unres",209,18.4751732536351,91.4375898231744,0.026,0.011,0.005,0.003,0.011,0.012,0.005,0.014,0.04,1,0.033,0.006,19,0.0548849881174842,2.14884664547152
"71","noroBE",11,2,"unres",209,10.7446096592604,32.5681634460256,0.017,0.016,0.007,0.003,0.017,0.019,0.009,0.011,0.013,0.033,1,0.009,10,-0.130476419750855,2.14884664547152
"72","noroBE",12,2,"unres",209,8.37061667644504,22.2699887785668,0.004,0.016,0.019,0.018,0.007,0.02,0.009,0.005,0.004,0.006,0.009,1,15,1.40479558084416,2.14884664547152
"73","noroBE",1,3,"unres",209,8.9252686001006,23.8440903057521,1,0.012,0.007,0.004,0.023,0.013,0.014,0.033,0.036,0.048,0.031,0.008,6,-0.599066963601473,1.99841011200998
"74","noroBE",2,3,"unres",209,5.48993078331353,11.0252236437705,0.012,1,0.023,0.011,0.022,0.025,0.032,0.018,0.012,0.02,0.027,0.028,2,-1.05104935414625,1.99841011200998
"75","noroBE",3,3,"unres",209,8.17807466907044,21.1721321245977,0.007,0.023,1,0.024,0.013,0.014,0.035,0.017,0.009,0.01,0.013,0.033,4,-0.90801683271928,1.99841011200998
"76","noroBE",4,3,"unres",209,7.29642757968224,17.7105775516942,0.004,0.011,0.024,1,0.006,0.011,0.013,0.008,0.005,0.005,0.007,0.031,5,-0.545677933732301,1.99841011200998
"77","noroBE",5,3,"unres",209,8.36356874296183,21.604789215966,0.023,0.022,0.013,0.006,1,0.014,0.034,0.036,0.019,0.021,0.029,0.013,4,-0.938786434487613,1.99841011200998
"78","noroBE",6,3,"unres",209,7.34220216719731,18.2143442501859,0.013,0.025,0.014,0.011,0.014,1,0.016,0.012,0.012,0.023,0.033,0.035,6,-0.314493131900074,1.99841011200998
"79","noroBE",7,3,"unres",209,14.6916361726572,60.2628398726913,0.014,0.032,0.035,0.013,0.034,0.016,1,0.047,0.019,0.012,0.017,0.018,16,0.168540287978235,1.99841011200998
"80","noroBE",8,3,"unres",209,9.83093531720599,31.3539276473651,0.033,0.018,0.017,0.008,0.036,0.012,0.047,1,0.048,0.027,0.021,0.011,9,-0.148395674540784,1.99841011200998
"81","noroBE",9,3,"unres",209,7.56547333028277,20.1806271805548,0.036,0.012,0.009,0.005,0.019,0.012,0.019,0.048,1,0.071,0.026,0.008,9,0.319331158908856,1.99841011200998
"82","noroBE",10,3,"unres",209,19.31877373338,111.290550491893,0.048,0.02,0.01,0.005,0.021,0.023,0.012,0.027,0.071,1,0.058,0.012,28,0.822909224186653,1.99841011200998
"83","noroBE",11,3,"unres",209,11.7843024423463,39.7021889211395,0.031,0.027,0.013,0.007,0.029,0.033,0.017,0.021,0.026,0.058,1,0.016,24,1.93870194451131,1.99841011200998
"84","noroBE",12,3,"unres",209,9.20324134829077,27.4253476006101,0.008,0.028,0.033,0.031,0.013,0.035,0.018,0.011,0.008,0.012,0.016,1,9,-0.0388093167548349,1.99841011200998
"85","noroBE",1,4,"unres",209,8.94700026278457,24.3637685765048,1,0.019,0.011,0.006,0.032,0.019,0.021,0.045,0.05,0.067,0.043,0.012,8,-0.191857096051117,2.10061498508036
"86","noroBE",2,4,"unres",209,5.78046904461972,12.0644226352576,0.019,1,0.032,0.016,0.031,0.033,0.044,0.027,0.019,0.03,0.038,0.038,2,-1.08840972835541,2.10061498508036
"87","noroBE",3,4,"unres",209,8.63196801199574,23.5818255859127,0.011,0.032,1,0.032,0.02,0.021,0.047,0.025,0.015,0.016,0.019,0.045,4,-0.9538428751916,2.10061498508036
"88","noroBE",4,4,"unres",209,7.61306518435521,19.3189398942405,0.006,0.016,0.032,1,0.009,0.016,0.018,0.011,0.007,0.008,0.01,0.041,5,-0.594509224965768,2.10061498508036
"89","noroBE",5,4,"unres",209,8.70616652696792,23.4691176498113,0.032,0.031,0.02,0.009,1,0.021,0.046,0.049,0.028,0.032,0.041,0.02,3,-1.17786647478889,2.10061498508036
"90","noroBE",6,4,"unres",209,7.72748361184996,20.2207070094843,0.019,0.033,0.021,0.016,0.021,1,0.023,0.018,0.019,0.034,0.045,0.047,10,0.505369299481198,2.10061498508036
"91","noroBE",7,4,"unres",209,15.6814428088054,70.3867818318812,0.021,0.044,0.047,0.018,0.046,0.023,1,0.063,0.028,0.018,0.024,0.026,12,-0.438805945692942,2.10061498508036
"92","noroBE",8,4,"unres",209,10.523654818988,36.4228713711372,0.045,0.027,0.025,0.011,0.049,0.018,0.063,1,0.064,0.041,0.031,0.017,13,0.410321327759532,2.10061498508036
"93","noroBE",9,4,"unres",209,8.13805418424223,23.5954900116124,0.05,0.019,0.015,0.007,0.028,0.019,0.028,0.064,1,0.097,0.039,0.013,4,-0.851886375838078,2.10061498508036
"94","noroBE",10,4,"unres",209,19.9355018802206,128.577684407928,0.067,0.03,0.016,0.008,0.032,0.034,0.018,0.041,0.097,1,0.08,0.018,40,1.76947935905733,2.10061498508036
"95","noroBE",11,4,"unres",209,12.4213719531466,44.902093381783,0.043,0.038,0.019,0.01,0.041,0.045,0.024,0.031,0.039,0.08,1,0.024,12,-0.062882866527769,2.10061498508036
"96","noroBE",12,4,"unres",209,9.77669971439204,31.5082644595482,0.012,0.038,0.045,0.041,0.02,0.047,0.026,0.017,0.013,0.018,0.024,1,14,0.752384293474042,2.10061498508036
"97","noroBE",1,1,"unres",210,8.2739938348329,19.4610179981035,1,0,0,0,0,0,0,0,0,0,0,0,6,-0.515473692556944,2.19818281065982
"98","noroBE",2,1,"unres",210,4.82671716922518,8.63376113850485,0,1,0,0,0,0,0,0,0,0,0,0,3,-0.62168629865165,2.19818281065982
"99","noroBE",3,1,"unres",210,7.95915400052717,18.3110048495003,0,0,1,0,0,0,0,0,0,0,0,0,4,-0.925222756810931,2.19818281065982
"100","noroBE",4,1,"unres",210,6.98556117096909,14.959755044042,0,0,0,1,0,0,0,0,0,0,0,0,8,0.262279062667945,2.19818281065982
"101","noroBE",5,1,"unres",210,7.90019253242196,18.099238310187,0,0,0,0,1,0,0,0,0,0,0,0,7,-0.211594929666993,2.19818281065982
"102","noroBE",6,1,"unres",210,5.9645177611236,11.7779800893788,0,0,0,0,0,1,0,0,0,0,0,0,15,2.63278823532892,2.19818281065982
"103","noroBE",7,1,"unres",210,13.8059429867147,44.9529514870245,0,0,0,0,0,0,1,0,0,0,0,0,15,0.17809263432407,2.19818281065982
"104","noroBE",8,1,"unres",210,10.3735992798527,27.9586297672403,0,0,0,0,0,0,0,1,0,0,0,0,19,1.63144218128609,2.19818281065982
"105","noroBE",9,1,"unres",210,6.03521704931244,11.9873137369455,0,0,0,0,0,0,0,0,1,0,0,0,1,-1.45431090315276,2.19818281065982
"106","noroBE",10,1,"unres",210,15.8444835607924,56.8687067938359,0,0,0,0,0,0,0,0,0,1,0,0,19,0.418440556337188,2.19818281065982
"107","noroBE",11,1,"unres",210,9.8714089841421,25.795053784035,0,0,0,0,0,0,0,0,0,0,1,0,10,0.025318758618064,2.19818281065982
"108","noroBE",12,1,"unres",210,7.48283709043125,16.6327460041636,0,0,0,0,0,0,0,0,0,0,0,1,15,1.84319797440881,2.19818281065982
"109","noroBE",1,2,"unres",210,8.47710824010749,21.2380584957389,1,0.006,0.003,0.002,0.013,0.006,0.007,0.018,0.019,0.024,0.017,0.004,6,-0.537511273891053,2.04517950837356
"110","noroBE",2,2,"unres",210,5.3238392532516,10.3043649826365,0.006,1,0.014,0.006,0.013,0.014,0.019,0.009,0.006,0.009,0.015,0.016,2,-1.03545062796371,2.04517950837356
"111","noroBE",3,2,"unres",210,8.504743348468,21.7341644004631,0.003,0.014,1,0.015,0.007,0.007,0.021,0.009,0.004,0.004,0.007,0.019,4,-0.966270183951309,2.04517950837356
"112","noroBE",4,2,"unres",210,7.4482770769847,17.6848291699468,0.002,0.006,0.015,1,0.003,0.006,0.007,0.004,0.002,0.002,0.003,0.019,5,-0.582183820568876,2.04517950837356
"113","noroBE",5,2,"unres",210,8.39536843247342,21.0481632003852,0.013,0.013,0.007,0.003,1,0.007,0.02,0.021,0.009,0.01,0.017,0.007,4,-0.958050018325897,2.04517950837356
"114","noroBE",6,2,"unres",210,6.68021460111012,15.0340269830653,0.006,0.014,0.007,0.006,0.007,1,0.009,0.005,0.005,0.011,0.019,0.02,6,-0.175431787032172,2.04517950837356
"115","noroBE",7,2,"unres",210,15.0108304275693,58.3227237613493,0.007,0.019,0.021,0.007,0.02,0.009,1,0.026,0.01,0.005,0.009,0.01,16,0.129524477695392,2.04517950837356
"116","noroBE",8,2,"unres",210,10.6265274997003,32.9903222361202,0.018,0.009,0.009,0.004,0.021,0.005,0.026,1,0.027,0.012,0.01,0.005,9,-0.283183621543541,2.04517950837356
"117","noroBE",9,2,"unres",210,6.80835812010139,15.9557626474938,0.019,0.006,0.004,0.002,0.009,0.005,0.01,0.027,1,0.036,0.012,0.004,9,0.54866948514512,2.04517950837356
"118","noroBE",10,2,"unres",210,16.8909457410452,76.1568366337893,0.024,0.009,0.004,0.002,0.01,0.011,0.005,0.012,0.036,1,0.029,0.005,28,1.27298310528129,2.04517950837356
"119","noroBE",11,2,"unres",210,10.9758589105142,33.3949416568345,0.017,0.015,0.007,0.003,0.017,0.019,0.009,0.01,0.012,0.029,1,0.008,24,2.25376560985886,2.04517950837356
"120","noroBE",12,2,"unres",210,8.48177087016492,22.4930110937849,0.004,0.016,0.019,0.019,0.007,0.02,0.01,0.005,0.004,0.005,0.008,1,9,0.109269265163025,2.04517950837356
"121","noroBE",1,3,"unres",210,8.55634582178643,22.1304463488621,1,0.013,0.007,0.004,0.024,0.013,0.015,0.033,0.035,0.045,0.03,0.008,8,-0.118263232149936,2.16014412983179
"122","noroBE",2,3,"unres",210,5.62392419915867,11.3911560311594,0.013,1,0.025,0.011,0.023,0.025,0.035,0.019,0.012,0.019,0.028,0.029,2,-1.07373028989742,2.16014412983179
"123","noroBE",3,3,"unres",210,8.81998116466768,23.870781110553,0.007,0.025,1,0.026,0.014,0.015,0.037,0.017,0.009,0.009,0.013,0.034,4,-0.986533928447932,2.16014412983179
"124","noroBE",4,3,"unres",210,7.69195461507553,19.2539370545507,0.004,0.011,0.026,1,0.006,0.012,0.014,0.008,0.005,0.005,0.007,0.033,5,-0.613490666416339,2.16014412983179
"125","noroBE",5,3,"unres",210,8.67795145734866,22.8526914802421,0.024,0.023,0.014,0.006,1,0.014,0.036,0.037,0.019,0.02,0.03,0.014,3,-1.1877444151425,2.16014412983179
"126","noroBE",6,3,"unres",210,7.17403407067287,17.4502593714413,0.013,0.025,0.015,0.012,0.014,1,0.017,0.012,0.012,0.022,0.033,0.035,10,0.676497160937054,2.16014412983179
"127","noroBE",7,3,"unres",210,15.9046980707505,69.0470235721371,0.015,0.035,0.037,0.014,0.036,0.017,1,0.048,0.02,0.011,0.017,0.019,12,-0.469910313376306,2.16014412983179
"128","noroBE",8,3,"unres",210,11.0562396560948,37.7596037012199,0.033,0.019,0.017,0.008,0.037,0.012,0.048,1,0.048,0.025,0.02,0.012,13,0.3163217129102,2.16014412983179
"129","noroBE",9,3,"unres",210,7.46447243075808,19.5311866761413,0.035,0.012,0.009,0.005,0.019,0.012,0.02,0.048,1,0.066,0.024,0.008,4,-0.783921894496909,2.16014412983179
"130","noroBE",10,3,"unres",210,17.6897443554825,93.163190867676,0.045,0.019,0.009,0.005,0.02,0.022,0.011,0.025,0.066,1,0.054,0.012,40,2.31143864140013,2.16014412983179
"131","noroBE",11,3,"unres",210,11.6703179002473,38.8779769985097,0.03,0.028,0.013,0.007,0.03,0.033,0.017,0.02,0.024,0.054,1,0.017,12,0.0528741669901851,2.16014412983179
"132","noroBE",12,3,"unres",210,9.17602658808924,27.148382992963,0.008,0.029,0.034,0.033,0.014,0.035,0.019,0.012,0.008,0.012,0.017,1,14,0.92583356548701,2.16014412983179
"133","noroBE",1,4,"unres",210,8.53819662180116,22.4557030754704,1,0.019,0.012,0.006,0.033,0.02,0.023,0.047,0.049,0.064,0.043,0.013,10,0.308479020075526,2.14716310815793
"134","noroBE",2,4,"unres",210,5.75403109767771,11.9578269637361,0.019,1,0.034,0.017,0.033,0.034,0.048,0.028,0.019,0.028,0.038,0.04,1,-1.37478848511451,2.14716310815793
"135","noroBE",3,4,"unres",210,8.83060835124046,24.539098089192,0.012,0.034,1,0.035,0.021,0.022,0.051,0.026,0.015,0.015,0.02,0.047,19,2.05288998074255,2.14716310815793
"136","noroBE",4,4,"unres",210,7.61959772767323,19.4386563158362,0.006,0.017,0.035,1,0.01,0.017,0.02,0.012,0.008,0.008,0.011,0.044,3,-1.04778225338843,2.14716310815793
"137","noroBE",5,4,"unres",210,8.7183109638146,23.5161022084656,0.033,0.033,0.021,0.01,1,0.022,0.051,0.052,0.029,0.031,0.042,0.021,9,0.0580881137615948,2.14716310815793
"138","noroBE",6,4,"unres",210,7.46791574685459,19.0653760378164,0.02,0.034,0.022,0.017,0.022,1,0.025,0.019,0.019,0.033,0.046,0.048,12,1.03794726099441,2.14716310815793
"139","noroBE",7,4,"unres",210,16.2229925605356,75.3386951532361,0.023,0.048,0.051,0.02,0.051,0.025,1,0.067,0.03,0.018,0.026,0.028,12,-0.486531842621023,2.14716310815793
"140","noroBE",8,4,"unres",210,11.1366742322254,40.360437018285,0.047,0.028,0.026,0.012,0.052,0.019,0.067,1,0.066,0.038,0.031,0.018,11,-0.0215133831921127,2.14716310815793
"141","noroBE",9,4,"unres",210,7.89628338189522,22.3081330596677,0.049,0.019,0.015,0.008,0.029,0.019,0.03,0.066,1,0.091,0.037,0.013,10,0.44540555023754,2.14716310815793
"142","noroBE",10,4,"unres",210,18.3659841223512,108.366113121138,0.064,0.028,0.015,0.008,0.031,0.033,0.018,0.038,0.091,1,0.076,0.018,22,0.349092141412571,2.14716310815793
"143","noroBE",11,4,"unres",210,12.0711551543813,42.6138545963137,0.043,0.038,0.02,0.011,0.042,0.046,0.026,0.031,0.037,0.076,1,0.025,16,0.601851668080811,2.14716310815793
"144","noroBE",12,4,"unres",210,9.66746255455366,30.785947171577,0.013,0.04,0.047,0.044,0.021,0.048,0.028,0.018,0.013,0.018,0.025,1,4,-1.02143891454823,2.14716310815793
"145","noroBE",1,1,"unres",211,8.28577594909449,19.5140927311087,1,0,0,0,0,0,0,0,0,0,0,0,6,-0.517439378446632,2.11257374466102
"146","noroBE",2,1,"unres",211,5.40658254329151,10.1873097292844,0,1,0,0,0,0,0,0,0,0,0,0,2,-1.0673065173363,2.11257374466102
"147","noroBE",3,1,"unres",211,7.9383297093858,18.2447192085544,0,0,1,0,0,0,0,0,0,0,0,0,4,-0.922026662193772,2.11257374466102
"148","noroBE",4,1,"unres",211,7.94932215815841,18.2842745672898,0,0,0,1,0,0,0,0,0,0,0,0,5,-0.689736718547867,2.11257374466102
"149","noroBE",5,1,"unres",211,8.51231491652836,20.3630052498418,0,0,0,0,1,0,0,0,0,0,0,0,4,-0.999950415128848,2.11257374466102
"150","noroBE",6,1,"unres",211,9.41054522271007,23.8941897603523,0,0,0,0,0,1,0,0,0,0,0,0,6,-0.697714354870796,2.11257374466102
"151","noroBE",7,1,"unres",211,15.7620837373826,56.3947710758906,0,0,0,0,0,0,1,0,0,0,0,0,16,0.0316814251784257,2.11257374466102
"152","noroBE",8,1,"unres",211,13.4480025319859,43.02566509367,0,0,0,0,0,0,0,1,0,0,0,0,9,-0.678111687384227,2.11257374466102
"153","noroBE",9,1,"unres",211,5.59447742773412,10.7132677172257,0,0,0,0,0,0,0,0,1,0,0,0,9,1.04045376074066,2.11257374466102
"154","noroBE",10,1,"unres",211,18.2354218782974,72.6205199451228,0,0,0,0,0,0,0,0,0,1,0,0,28,1.14583954730148,2.11257374466102
"155","noroBE",11,1,"unres",211,11.4785723441635,33.0274193147289,0,0,0,0,0,0,0,0,0,0,1,0,24,2.17879579549753,2.11257374466102
"156","noroBE",12,1,"unres",211,11.3196395146775,32.2758850678106,0,0,0,0,0,0,0,0,0,0,0,1,9,-0.408301916207984,2.11257374466102
"157","noroBE",1,2,"unres",211,8.5755030188899,21.6526855965324,1,0.007,0.004,0.002,0.014,0.006,0.008,0.02,0.02,0.026,0.017,0.004,8,-0.123677791416314,2.11648680398163
"158","noroBE",2,2,"unres",211,5.85369570520862,11.8875441114981,0.007,1,0.015,0.007,0.014,0.016,0.02,0.009,0.006,0.01,0.016,0.018,2,-1.11771569215284,2.11648680398163
"159","noroBE",3,2,"unres",211,8.62897713995347,22.2557903513813,0.004,0.015,1,0.016,0.008,0.008,0.022,0.009,0.005,0.005,0.007,0.021,4,-0.9812135235406,2.11648680398163
"160","noroBE",4,2,"unres",211,8.16535421946582,20.5105330946798,0.002,0.007,0.016,1,0.003,0.007,0.007,0.004,0.002,0.002,0.003,0.02,5,-0.698930258602767,2.11648680398163
"161","noroBE",5,2,"unres",211,8.92997116541758,23.2685477684208,0.014,0.014,0.008,0.003,1,0.007,0.021,0.022,0.01,0.01,0.017,0.007,3,-1.22932847715654,2.11648680398163
"162","noroBE",6,2,"unres",211,9.26953906991962,25.4197572198002,0.006,0.016,0.008,0.007,0.007,1,0.008,0.005,0.005,0.01,0.019,0.022,10,0.144880952574642,2.11648680398163
"163","noroBE",7,2,"unres",211,16.7108944987886,70.5289413510117,0.008,0.02,0.022,0.007,0.021,0.008,1,0.027,0.011,0.005,0.009,0.009,12,-0.560944243676527,2.11648680398163
"164","noroBE",8,2,"unres",211,13.319713045058,48.4075873604799,0.02,0.009,0.009,0.004,0.022,0.005,0.027,1,0.029,0.011,0.01,0.005,13,-0.0459519174393202,2.11648680398163
"165","noroBE",9,2,"unres",211,6.7273984084162,15.6090153369152,0.02,0.006,0.005,0.002,0.01,0.005,0.011,0.029,1,0.039,0.013,0.004,4,-0.690336488419532,2.11648680398163
"166","noroBE",10,2,"unres",211,18.9534959040732,93.8490235234901,0.026,0.01,0.005,0.002,0.01,0.01,0.005,0.011,0.039,1,0.03,0.005,40,2.17252653249647,2.11648680398163
"167","noroBE",11,2,"unres",211,12.277298994284,40.4339781471798,0.017,0.016,0.007,0.003,0.017,0.019,0.009,0.01,0.013,0.03,1,0.009,12,-0.0436088926068851,2.11648680398163
"168","noroBE",12,2,"unres",211,11.5382730219427,37.5996152202087,0.004,0.018,0.021,0.02,0.007,0.022,0.009,0.005,0.004,0.005,0.009,1,14,0.401465458199601,2.11648680398163
"169","noroBE",1,3,"unres",211,8.68455759943623,22.7026512793714,1,0.014,0.008,0.004,0.025,0.013,0.016,0.036,0.037,0.048,0.032,0.008,10,0.276079110601454,2.18581659940853
"170","noroBE",2,3,"unres",211,6.05575622029509,12.7753257467863,0.014,1,0.027,0.013,0.025,0.028,0.037,0.019,0.013,0.02,0.03,0.033,1,-1.41449082096116,2.18581659940853
"171","noroBE",3,3,"unres",211,8.8761079883752,24.2067706881006,0.008,0.027,1,0.028,0.015,0.016,0.04,0.019,0.011,0.01,0.014,0.037,19,2.05768587310877,2.18581659940853
"172","noroBE",4,3,"unres",211,8.06406442168848,20.9340550566661,0.004,0.013,0.028,1,0.007,0.013,0.014,0.008,0.005,0.005,0.007,0.036,3,-1.10680864039221,2.18581659940853
"173","noroBE",5,3,"unres",211,9.04866683882383,24.5427469216072,0.025,0.025,0.015,0.007,1,0.015,0.039,0.04,0.021,0.021,0.031,0.015,9,-0.00982361995950664,2.18581659940853
"174","noroBE",6,3,"unres",211,9.10507898094647,25.8665974108383,0.013,0.028,0.016,0.013,0.015,1,0.016,0.011,0.012,0.021,0.035,0.039,12,0.569202852280716,2.18581659940853
"175","noroBE",7,3,"unres",211,17.0633401703947,79.0421992873581,0.016,0.037,0.04,0.014,0.039,0.016,1,0.05,0.022,0.011,0.018,0.019,12,-0.569518187454998,2.18581659940853
"176","noroBE",8,3,"unres",211,13.000096307193,50.6646903329417,0.036,0.019,0.019,0.008,0.04,0.011,0.05,1,0.052,0.024,0.021,0.011,11,-0.28099475384364,2.18581659940853
"177","noroBE",9,3,"unres",211,7.50016283682845,19.6564726988956,0.037,0.013,0.011,0.005,0.021,0.012,0.022,0.052,1,0.07,0.026,0.008,10,0.563843951935003,2.18581659940853
"178","noroBE",10,3,"unres",211,19.5754935756985,112.394194582871,0.048,0.02,0.01,0.005,0.021,0.021,0.011,0.024,0.07,1,0.056,0.011,22,0.22869222479013,2.18581659940853
"179","noroBE",11,3,"unres",211,12.7335272747079,45.3215554773158,0.032,0.03,0.014,0.007,0.031,0.035,0.018,0.021,0.026,0.056,1,0.017,16,0.485206525264359,2.18581659940853
"180","noroBE",12,3,"unres",211,11.649005098086,40.9920295086328,0.008,0.033,0.037,0.036,0.015,0.039,0.019,0.011,0.008,0.011,0.017,1,4,-1.19469003171976,2.18581659940853
"181","noroBE",1,4,"unres",211,8.60688876733427,22.8232042301464,1,0.021,0.013,0.007,0.035,0.021,0.024,0.051,0.052,0.068,0.045,0.013,7,-0.336354704685628,2.19015926402634
"182","noroBE",2,4,"unres",211,6.06951866643739,13.0221151867653,0.021,1,0.037,0.019,0.035,0.039,0.051,0.03,0.021,0.03,0.041,0.045,5,-0.296379118824814,2.19015926402634
"183","noroBE",3,4,"unres",211,8.95077870898667,25.1321601377505,0.013,0.037,1,0.038,0.023,0.024,0.054,0.028,0.016,0.016,0.022,0.051,5,-0.788075444311857,2.19015926402634
"184","noroBE",4,4,"unres",211,7.78741186858282,20.3101120968129,0.007,0.019,0.038,1,0.011,0.019,0.021,0.013,0.008,0.009,0.012,0.049,8,0.0471718440875525,2.19015926402634
"185","noroBE",5,4,"unres",211,8.98079931907399,24.7784923765827,0.035,0.035,0.023,0.011,1,0.023,0.054,0.057,0.031,0.032,0.044,0.022,12,0.606533149013452,2.19015926402634
"186","noroBE",6,4,"unres",211,8.61562391713408,24.5273650303298,0.021,0.039,0.024,0.019,0.023,1,0.025,0.019,0.019,0.033,0.049,0.055,20,2.29870789250758,2.19015926402634
"187","noroBE",7,4,"unres",211,17.0141312701488,83.0633449698826,0.024,0.051,0.054,0.021,0.054,0.025,1,0.07,0.032,0.019,0.027,0.029,12,-0.550162508475033,2.19015926402634
"188","noroBE",8,4,"unres",211,12.5270740133827,50.6421433535683,0.051,0.03,0.028,0.013,0.057,0.019,0.07,1,0.071,0.038,0.032,0.018,21,1.19063151454336,2.19015926402634
"189","noroBE",9,4,"unres",211,8.03671927094565,22.9148884992427,0.052,0.021,0.016,0.008,0.031,0.019,0.032,0.071,1,0.097,0.039,0.013,6,-0.425473286974823,2.19015926402634
"190","noroBE",10,4,"unres",211,19.7100215033282,125.326351793712,0.068,0.03,0.016,0.009,0.032,0.033,0.019,0.038,0.097,1,0.079,0.018,24,0.383207425983517,2.19015926402634
"191","noroBE",11,4,"unres",211,12.8056096065362,47.5568310447369,0.045,0.041,0.022,0.012,0.044,0.049,0.027,0.032,0.039,0.079,1,0.026,11,-0.261828792505536,2.19015926402634
"192","noroBE",12,4,"unres",211,11.2999197113824,41.1884153199681,0.013,0.045,0.051,0.049,0.022,0.055,0.029,0.018,0.013,0.018,0.026,1,4,-1.13744535601611,2.19015926402634
"193","noroBE",1,1,"unres",212,8.46545431265875,20.1811169073243,1,0,0,0,0,0,0,0,0,0,0,0,8,-0.103610664609173,1.96759643835407
"194","noroBE",2,1,"unres",212,5.23782327475275,9.72288059289334,0,1,0,0,0,0,0,0,0,0,0,0,2,-1.03837844547795,1.96759643835407
"195","noroBE",3,1,"unres",212,7.39547413468866,16.3367266510061,0,0,1,0,0,0,0,0,0,0,0,0,4,-0.840074699613148,1.96759643835407
"196","noroBE",4,1,"unres",212,7.17939200894546,15.60578383593,0,0,0,1,0,0,0,0,0,0,0,0,5,-0.551686759082882,1.96759643835407
"197","noroBE",5,1,"unres",212,7.99832456813006,18.4567032409681,0,0,0,0,1,0,0,0,0,0,0,0,3,-1.16344910293088,1.96759643835407
"198","noroBE",6,1,"unres",212,8.47557267194883,20.2192583646498,0,0,0,0,0,1,0,0,0,0,0,0,10,0.339019059535669,1.96759643835407
"199","noroBE",7,1,"unres",212,16.1784902890984,58.9684916658827,0,0,0,0,0,0,1,0,0,0,0,0,12,-0.544138415405591,1.96759643835407
"200","noroBE",8,1,"unres",212,11.7802498483662,34.4671582919885,0,0,0,0,0,0,0,1,0,0,0,0,13,0.20776296831103,1.96759643835407
"201","noroBE",9,1,"unres",212,7.99516016164761,18.4452650980738,0,0,0,0,0,0,0,0,1,0,0,0,4,-0.930233003599665,1.96759643835407
"202","noroBE",10,1,"unres",212,23.6496574366952,115.085405874288,0,0,0,0,0,0,0,0,0,1,0,0,40,1.52411146256452,1.96759643835407
"203","noroBE",11,1,"unres",212,15.7876898547479,56.5354262264554,0,0,0,0,0,0,0,0,0,0,1,0,12,-0.503748858859821,1.96759643835407
"204","noroBE",12,1,"unres",212,10.2783000260784,27.5489585233619,0,0,0,0,0,0,0,0,0,0,0,1,14,0.709069437696882,1.96759643835407
"205","noroBE",1,2,"unres",212,8.76325468567544,22.4307262646941,1,0.008,0.004,0.002,0.015,0.008,0.008,0.02,0.021,0.03,0.02,0.004,10,0.261131104634988,2.20779311280151
"206","noroBE",2,2,"unres",212,5.66144991678557,11.3142056300222,0.008,1,0.015,0.007,0.015,0.016,0.021,0.01,0.007,0.012,0.02,0.018,1,-1.38582690512542,2.20779311280151
"207","noroBE",3,2,"unres",212,7.93947895847295,19.5256969703879,0.004,0.015,1,0.016,0.008,0.008,0.023,0.01,0.005,0.006,0.008,0.021,19,2.50306607327069,2.20779311280151
"208","noroBE",4,2,"unres",212,7.30228373716356,17.2210210817496,0.002,0.007,0.016,1,0.004,0.007,0.008,0.004,0.002,0.003,0.004,0.02,3,-1.03673939045377,2.20779311280151
"209","noroBE",5,2,"unres",212,8.46594998842795,21.3657793780037,0.015,0.015,0.008,0.004,1,0.008,0.022,0.022,0.01,0.012,0.02,0.008,9,0.115537391718354,2.20779311280151
"210","noroBE",6,2,"unres",212,8.60095459917975,22.4589352409009,0.008,0.016,0.008,0.007,0.008,1,0.009,0.006,0.006,0.013,0.022,0.022,12,0.717236502354133,2.20779311280151
"211","noroBE",7,2,"unres",212,16.5059822294952,69.4068228599172,0.008,0.021,0.023,0.008,0.022,0.009,1,0.028,0.01,0.006,0.009,0.01,12,-0.540864394251146,2.20779311280151
"212","noroBE",8,2,"unres",212,11.8635132374924,39.66896200838,0.02,0.01,0.01,0.004,0.022,0.006,0.028,1,0.027,0.014,0.01,0.005,11,-0.137101934039595,2.20779311280151
"213","noroBE",9,2,"unres",212,8.57502235411538,22.9985151459504,0.021,0.007,0.005,0.002,0.01,0.006,0.01,0.027,1,0.041,0.013,0.004,10,0.29713797047693,2.20779311280151
"214","noroBE",10,2,"unres",212,23.815773360044,141.982064424375,0.03,0.012,0.006,0.003,0.012,0.013,0.006,0.014,0.041,1,0.032,0.006,22,-0.15238593946354,2.20779311280151
"215","noroBE",11,2,"unres",212,15.361636787099,59.7884249775588,0.02,0.02,0.008,0.004,0.02,0.022,0.009,0.01,0.013,0.032,1,0.009,16,0.0825580250937778,2.20779311280151
"216","noroBE",12,2,"unres",212,10.5838316501272,32.4895846271757,0.004,0.018,0.021,0.02,0.008,0.022,0.01,0.005,0.004,0.006,0.009,1,4,-1.15506556780287,2.20779311280151
"217","noroBE",1,3,"unres",212,8.78953095083112,23.2144877766016,1,0.016,0.009,0.005,0.027,0.016,0.017,0.037,0.04,0.057,0.037,0.009,7,-0.371415190008516,2.23930244539106
"218","noroBE",2,3,"unres",212,5.811413343419,12.0212233879756,0.016,1,0.027,0.013,0.027,0.03,0.038,0.021,0.015,0.024,0.035,0.033,5,-0.234027994758917,2.23930244539106
"219","noroBE",3,3,"unres",212,8.23381040666345,21.4348735730032,0.009,0.027,1,0.028,0.017,0.017,0.042,0.02,0.011,0.012,0.016,0.038,5,-0.698480186460299,2.23930244539106
"220","noroBE",4,3,"unres",212,7.19046481998796,17.4689375650199,0.005,0.013,0.028,1,0.008,0.014,0.015,0.009,0.005,0.006,0.008,0.036,8,0.193687895477226,2.23930244539106
"221","noroBE",5,3,"unres",212,8.6197968935908,22.6954501266504,0.027,0.027,0.017,0.008,1,0.017,0.04,0.041,0.022,0.025,0.036,0.016,12,0.709534302316944,2.23930244539106
"222","noroBE",6,3,"unres",212,8.29149911802687,22.2937797350977,0.016,0.03,0.017,0.014,0.017,1,0.018,0.013,0.014,0.026,0.04,0.04,20,2.47975879937955,2.23930244539106
"223","noroBE",7,3,"unres",212,16.4887426359019,74.9368420773024,0.017,0.038,0.042,0.015,0.04,0.018,1,0.052,0.021,0.013,0.018,0.02,12,-0.518533729903994,2.23930244539106
"224","noroBE",8,3,"unres",212,11.6893187965842,42.031334632624,0.037,0.021,0.02,0.009,0.041,0.013,0.052,1,0.051,0.029,0.023,0.012,21,1.4361336771285,2.23930244539106
"225","noroBE",9,3,"unres",212,8.97946502211322,26.4435372290492,0.04,0.015,0.011,0.005,0.022,0.014,0.021,0.051,1,0.076,0.028,0.009,6,-0.579400035126783,2.23930244539106
"226","noroBE",10,3,"unres",212,23.5464997958121,159.781626391568,0.057,0.024,0.012,0.006,0.025,0.026,0.013,0.029,0.076,1,0.062,0.013,24,0.0358768304520358,2.23930244539106
"227","noroBE",11,3,"unres",212,14.8461668974067,59.9575862989039,0.037,0.035,0.016,0.008,0.036,0.04,0.018,0.023,0.028,0.062,1,0.019,11,-0.496713604569621,2.23930244539106
"228","noroBE",12,3,"unres",212,10.4051613575159,34.0953090438695,0.009,0.033,0.038,0.036,0.016,0.04,0.02,0.012,0.009,0.013,0.019,1,4,-1.09693971174693,2.23930244539106
"229","noroBE",1,4,"unres",212,8.5809165412668,22.8562181414533,1,0.024,0.015,0.008,0.038,0.025,0.026,0.052,0.059,0.082,0.054,0.015,8,-0.121509870153025,2.10975297466971
"230","noroBE",2,4,"unres",212,5.80069667886235,12.176691880218,0.024,1,0.037,0.019,0.037,0.04,0.052,0.031,0.024,0.037,0.048,0.045,1,-1.37575027578688,2.10975297466971
"231","noroBE",3,4,"unres",212,8.27889605123035,22.144468607982,0.015,0.037,1,0.037,0.025,0.025,0.056,0.029,0.018,0.019,0.024,0.051,5,-0.696778942263114,2.10975297466971
"232","noroBE",4,4,"unres",212,7.01871168718506,17.1784447389949,0.008,0.019,0.037,1,0.012,0.02,0.022,0.014,0.009,0.01,0.013,0.048,10,0.719303306211257,2.10975297466971
"233","noroBE",5,4,"unres",212,8.58427933287768,23.0331267076492,0.038,0.037,0.025,0.012,1,0.026,0.055,0.056,0.033,0.039,0.05,0.024,9,0.0866213937271446,2.10975297466971
"234","noroBE",6,4,"unres",212,8.09637073232131,22.0451862700725,0.025,0.04,0.025,0.02,0.026,1,0.027,0.021,0.023,0.04,0.056,0.054,17,1.8963136973695,2.10975297466971
"235","noroBE",7,4,"unres",212,16.2193456644759,76.8074876686337,0.026,0.052,0.056,0.022,0.055,0.027,1,0.071,0.032,0.021,0.029,0.03,12,-0.481441281003416,2.10975297466971
"236","noroBE",8,4,"unres",212,11.6708728863703,43.9888470201033,0.052,0.031,0.029,0.014,0.056,0.021,0.071,1,0.071,0.045,0.035,0.02,16,0.652723198781179,2.10975297466971
"237","noroBE",9,4,"unres",212,8.93036360472029,27.7395423665265,0.059,0.024,0.018,0.009,0.033,0.023,0.032,0.071,1,0.109,0.045,0.015,4,-0.936115212382989,2.10975297466971
"238","noroBE",10,4,"unres",212,22.63417098318,166.997592575338,0.082,0.037,0.019,0.01,0.039,0.04,0.021,0.045,0.109,1,0.091,0.021,16,-0.513371263859494,2.10975297466971
"239","noroBE",11,4,"unres",212,13.9283525468749,56.4688816600466,0.054,0.048,0.024,0.013,0.05,0.056,0.029,0.035,0.045,0.091,1,0.029,13,-0.12354021129703,2.10975297466971
"240","noroBE",12,4,"unres",212,10.3035713564209,35.0322433023811,0.015,0.045,0.051,0.048,0.024,0.054,0.03,0.02,0.015,0.021,0.029,1,8,-0.38919539721755,2.10975297466971
"241","noroBE",1,1,"unres",213,8.76271727134185,21.2656234576392,1,0,0,0,0,0,0,0,0,0,0,0,10,0.268305694838839,2.30923532083772
"242","noroBE",2,1,"unres",213,4.96136146878851,8.96942976014622,0,1,0,0,0,0,0,0,0,0,0,0,1,-1.32270214052546,2.30923532083772
"243","noroBE",3,1,"unres",213,6.87396993198012,14.5679070036229,0,0,1,0,0,0,0,0,0,0,0,0,19,3.1770208176529,2.30923532083772
"244","noroBE",4,1,"unres",213,6.67166073478922,13.9193786299128,0,0,0,1,0,0,0,0,0,0,0,0,3,-0.984130339732641,2.30923532083772
"245","noroBE",5,1,"unres",213,7.1621146093186,15.5146034954069,0,0,0,0,1,0,0,0,0,0,0,0,9,0.466603599950123,2.30923532083772
"246","noroBE",6,1,"unres",213,8.9375747891993,21.9444433520402,0,0,0,0,0,1,0,0,0,0,0,0,12,0.6537372125138,2.30923532083772
"247","noroBE",7,1,"unres",213,14.6047870584788,49.3363104028934,0,0,0,0,0,0,1,0,0,0,0,0,12,-0.370841980321049,2.30923532083772
"248","noroBE",8,1,"unres",213,11.8222595694524,34.5802732753377,0,0,0,0,0,0,0,1,0,0,0,0,11,-0.139828186782618,2.30923532083772
"249","noroBE",9,1,"unres",213,7.79812271897727,17.6999079995541,0,0,0,0,0,0,0,0,1,0,0,0,10,0.523368531020712,2.30923532083772
"250","noroBE",10,1,"unres",213,30.6655020527742,183.786070349714,0,0,0,0,0,0,0,0,0,1,0,0,22,-0.639200982005077,2.30923532083772
"251","noroBE",11,1,"unres",213,14.5969547858368,49.2912363933335,0,0,0,0,0,0,0,0,0,0,1,0,16,0.199842019942544,2.30923532083772
"252","noroBE",12,1,"unres",213,11.4798822374355,32.9388209648521,0,0,0,0,0,0,0,0,0,0,0,1,4,-1.30328901753272,2.30923532083772
"253","noroBE",1,2,"unres",213,8.87864139176498,22.9271202611662,1,0.008,0.005,0.002,0.016,0.008,0.008,0.021,0.024,0.036,0.021,0.004,7,-0.392345912396372,2.21129728325383
