"","date","case","state","hum","l1.hum","l2.hum","l3.hum","l4.hum","l5.hum","newyears","christmas","O104period","l6.hum","l7.hum","l8.hum","l9.hum","l10.hum","l11.hum","l12.hum","l13.hum","l14.hum","l15.hum","l16.hum","l17.hum","l18.hum","l19.hum","l20.hum"
"53",2001-12-31,514,0,3.66162267554153,NA,NA,NA,NA,NA,0,1,FALSE,NA,NA,NA,NA,NA,NA,NA,NA,NA,NA,NA,NA,NA,NA,NA
"54",2002-01-07,913,0,5.22741825145503,3.66162267554153,NA,NA,NA,NA,1,0,FALSE,NA,NA,NA,NA,NA,NA,NA,NA,NA,NA,NA,NA,NA,NA,NA
"55",2002-01-14,1023,0,5.69028577113823,5.22741825145503,3.66162267554153,NA,NA,NA,1,0,FALSE,NA,NA,NA,NA,NA,NA,NA,NA,NA,NA,NA,NA,NA,NA,NA
"56",2002-01-21,887,0,8.31111050639947,5.69028577113823,5.22741825145503,3.66162267554153,NA,NA,0,0,FALSE,NA,NA,NA,NA,NA,NA,NA,NA,NA,NA,NA,NA,NA,NA,NA
"57",2002-01-28,815,0,8.59339579449043,8.31111050639947,5.69028577113823,5.22741825145503,3.66162267554153,NA,0,0,FALSE,NA,NA,NA,NA,NA,NA,NA,NA,NA,NA,NA,NA,NA,NA,NA
"58",2002-02-04,792,0,8.4338808831122,8.59339579449043,8.31111050639947,5.69028577113823,5.22741825145503,3.66162267554153,0,0,FALSE,NA,NA,NA,NA,NA,NA,NA,NA,NA,NA,NA,NA,NA,NA,NA
"59",2002-02-11,803,0,6.91730132784567,8.4338808831122,8.59339579449043,8.31111050639947,5.69028577113823,5.22741825145503,0,0,FALSE,3.66162267554153,NA,NA,NA,NA,NA,NA,NA,NA,NA,NA,NA,NA,NA,NA
"60",2002-02-18,807,0,6.08548285080094,6.91730132784567,8.4338808831122,8.59339579449043,8.31111050639947,5.69028577113823,0,0,FALSE,5.22741825145503,3.66162267554153,NA,NA,NA,NA,NA,NA,NA,NA,NA,NA,NA,NA,NA
"61",2002-02-25,692,0,6.86821233449493,6.08548285080094,6.91730132784567,8.4338808831122,8.59339579449043,8.31111050639947,0,0,FALSE,5.69028577113823,5.22741825145503,3.66162267554153,NA,NA,NA,NA,NA,NA,NA,NA,NA,NA,NA,NA
"62",2002-03-04,705,0,7.25402371732974,6.86821233449493,6.08548285080094,6.91730132784567,8.4338808831122,8.59339579449043,0,0,FALSE,8.31111050639947,5.69028577113823,5.22741825145503,3.66162267554153,NA,NA,NA,NA,NA,NA,NA,NA,NA,NA,NA
"63",2002-03-11,700,0,7.50832998514864,7.25402371732974,6.86821233449493,6.08548285080094,6.91730132784567,8.4338808831122,0,0,FALSE,8.59339579449043,8.31111050639947,5.69028577113823,5.22741825145503,3.66162267554153,NA,NA,NA,NA,NA,NA,NA,NA,NA,NA
"64",2002-03-18,769,0,8.29549818551675,7.50832998514864,7.25402371732974,6.86821233449493,6.08548285080094,6.91730132784567,0,0,FALSE,8.4338808831122,8.59339579449043,8.31111050639947,5.69028577113823,5.22741825145503,3.66162267554153,NA,NA,NA,NA,NA,NA,NA,NA,NA
"65",2002-03-25,589,0,5.77251434672362,8.29549818551675,7.50832998514864,7.25402371732974,6.86821233449493,6.08548285080094,0,0,FALSE,6.91730132784567,8.4338808831122,8.59339579449043,8.31111050639947,5.69028577113823,5.22741825145503,3.66162267554153,NA,NA,NA,NA,NA,NA,NA,NA
"66",2002-04-01,493,0,6.04321326982207,5.77251434672362,8.29549818551675,7.50832998514864,7.25402371732974,6.86821233449493,0,0,FALSE,6.08548285080094,6.91730132784567,8.4338808831122,8.59339579449043,8.31111050639947,5.69028577113823,5.22741825145503,3.66162267554153,NA,NA,NA,NA,NA,NA,NA
"67",2002-04-08,718,0,7.11886539299247,6.04321326982207,5.77251434672362,8.29549818551675,7.50832998514864,7.25402371732974,0,0,FALSE,6.86821233449493,6.08548285080094,6.91730132784567,8.4338808831122,8.59339579449043,8.31111050639947,5.69028577113823,5.22741825145503,3.66162267554153,NA,NA,NA,NA,NA,NA
"68",2002-04-15,823,0,8.929580366273,7.11886539299247,6.04321326982207,5.77251434672362,8.29549818551675,7.50832998514864,0,0,FALSE,7.25402371732974,6.86821233449493,6.08548285080094,6.91730132784567,8.4338808831122,8.59339579449043,8.31111050639947,5.69028577113823,5.22741825145503,3.66162267554153,NA,NA,NA,NA,NA
"69",2002-04-22,781,0,10.3027366370076,8.929580366273,7.11886539299247,6.04321326982207,5.77251434672362,8.29549818551675,0,0,FALSE,7.50832998514864,7.25402371732974,6.86821233449493,6.08548285080094,6.91730132784567,8.4338808831122,8.59339579449043,8.31111050639947,5.69028577113823,5.22741825145503,3.66162267554153,NA,NA,NA,NA
"70",2002-04-29,797,0,10.3516032615679,10.3027366370076,8.929580366273,7.11886539299247,6.04321326982207,5.77251434672362,0,0,FALSE,8.29549818551675,7.50832998514864,7.25402371732974,6.86821233449493,6.08548285080094,6.91730132784567,8.4338808831122,8.59339579449043,8.31111050639947,5.69028577113823,5.22741825145503,3.66162267554153,NA,NA,NA
"71",2002-05-06,671,0,12.9073331618027,10.3516032615679,10.3027366370076,8.929580366273,7.11886539299247,6.04321326982207,0,0,FALSE,5.77251434672362,8.29549818551675,7.50832998514864,7.25402371732974,6.86821233449493,6.08548285080094,6.91730132784567,8.4338808831122,8.59339579449043,8.31111050639947,5.69028577113823,5.22741825145503,3.66162267554153,NA,NA
"72",2002-05-13,849,0,12.7637633069751,12.9073331618027,10.3516032615679,10.3027366370076,8.929580366273,7.11886539299247,0,0,FALSE,6.04321326982207,5.77251434672362,8.29549818551675,7.50832998514864,7.25402371732974,6.86821233449493,6.08548285080094,6.91730132784567,8.4338808831122,8.59339579449043,8.31111050639947,5.69028577113823,5.22741825145503,3.66162267554153,NA
"73",2002-05-20,869,0,12.6900157434178,12.7637633069751,12.9073331618027,10.3516032615679,10.3027366370076,8.929580366273,0,0,FALSE,7.11886539299247,6.04321326982207,5.77251434672362,8.29549818551675,7.50832998514864,7.25402371732974,6.86821233449493,6.08548285080094,6.91730132784567,8.4338808831122,8.59339579449043,8.31111050639947,5.69028577113823,5.22741825145503,3.66162267554153
"74",2002-05-27,1075,0,11.6786644554154,12.6900157434178,12.7637633069751,12.9073331618027,10.3516032615679,10.3027366370076,0,0,FALSE,8.929580366273,7.11886539299247,6.04321326982207,5.77251434672362,8.29549818551675,7.50832998514864,7.25402371732974,6.86821233449493,6.08548285080094,6.91730132784567,8.4338808831122,8.59339579449043,8.31111050639947,5.69028577113823,5.22741825145503
"75",2002-06-03,1164,0,14.6726001999886,11.6786644554154,12.6900157434178,12.7637633069751,12.9073331618027,10.3516032615679,0,0,FALSE,10.3027366370076,8.929580366273,7.11886539299247,6.04321326982207,5.77251434672362,8.29549818551675,7.50832998514864,7.25402371732974,6.86821233449493,6.08548285080094,6.91730132784567,8.4338808831122,8.59339579449043,8.31111050639947,5.69028577113823
"76",2002-06-10,1341,0,15.091348627323,14.6726001999886,11.6786644554154,12.6900157434178,12.7637633069751,12.9073331618027,0,0,FALSE,10.3516032615679,10.3027366370076,8.929580366273,7.11886539299247,6.04321326982207,5.77251434672362,8.29549818551675,7.50832998514864,7.25402371732974,6.86821233449493,6.08548285080094,6.91730132784567,8.4338808831122,8.59339579449043,8.31111050639947
"77",2002-06-17,1443,0,18.9712010065187,15.091348627323,14.6726001999886,11.6786644554154,12.6900157434178,12.7637633069751,0,0,FALSE,12.9073331618027,10.3516032615679,10.3027366370076,8.929580366273,7.11886539299247,6.04321326982207,5.77251434672362,8.29549818551675,7.50832998514864,7.25402371732974,6.86821233449493,6.08548285080094,6.91730132784567,8.4338808831122,8.59339579449043
"78",2002-06-24,1399,0,12.4788402206357,18.9712010065187,15.091348627323,14.6726001999886,11.6786644554154,12.6900157434178,0,0,FALSE,12.7637633069751,12.9073331618027,10.3516032615679,10.3027366370076,8.929580366273,7.11886539299247,6.04321326982207,5.77251434672362,8.29549818551675,7.50832998514864,7.25402371732974,6.86821233449493,6.08548285080094,6.91730132784567,8.4338808831122
"79",2002-07-01,1492,0,14.193018087631,12.4788402206357,18.9712010065187,15.091348627323,14.6726001999886,11.6786644554154,0,0,FALSE,12.6900157434178,12.7637633069751,12.9073331618027,10.3516032615679,10.3027366370076,8.929580366273,7.11886539299247,6.04321326982207,5.77251434672362,8.29549818551675,7.50832998514864,7.25402371732974,6.86821233449493,6.08548285080094,6.91730132784567
"80",2002-07-08,1509,0,16.5849073348959,14.193018087631,12.4788402206357,18.9712010065187,15.091348627323,14.6726001999886,0,0,FALSE,11.6786644554154,12.6900157434178,12.7637633069751,12.9073331618027,10.3516032615679,10.3027366370076,8.929580366273,7.11886539299247,6.04321326982207,5.77251434672362,8.29549818551675,7.50832998514864,7.25402371732974,6.86821233449493,6.08548285080094
"81",2002-07-15,1481,0,16.361932292707,16.5849073348959,14.193018087631,12.4788402206357,18.9712010065187,15.091348627323,0,0,FALSE,14.6726001999886,11.6786644554154,12.6900157434178,12.7637633069751,12.9073331618027,10.3516032615679,10.3027366370076,8.929580366273,7.11886539299247,6.04321326982207,5.77251434672362,8.29549818551675,7.50832998514864,7.25402371732974,6.86821233449493
"82",2002-07-22,1646,0,15.3439915101605,16.361932292707,16.5849073348959,14.193018087631,12.4788402206357,18.9712010065187,0,0,FALSE,15.091348627323,14.6726001999886,11.6786644554154,12.6900157434178,12.7637633069751,12.9073331618027,10.3516032615679,10.3027366370076,8.929580366273,7.11886539299247,6.04321326982207,5.77251434672362,8.29549818551675,7.50832998514864,7.25402371732974
"83",2002-07-29,1596,0,18.7664948959842,15.3439915101605,16.361932292707,16.5849073348959,14.193018087631,12.4788402206357,0,0,FALSE,18.9712010065187,15.091348627323,14.6726001999886,11.6786644554154,12.6900157434178,12.7637633069751,12.9073331618027,10.3516032615679,10.3027366370076,8.929580366273,7.11886539299247,6.04321326982207,5.77251434672362,8.29549818551675,7.50832998514864
"84",2002-08-05,1705,0,17.6267812693212,18.7664948959842,15.3439915101605,16.361932292707,16.5849073348959,14.193018087631,0,0,FALSE,12.4788402206357,18.9712010065187,15.091348627323,14.6726001999886,11.6786644554154,12.6900157434178,12.7637633069751,12.9073331618027,10.3516032615679,10.3027366370076,8.929580366273,7.11886539299247,6.04321326982207,5.77251434672362,8.29549818551675
"85",2002-08-12,1668,0,17.8163941932941,17.6267812693212,18.7664948959842,15.3439915101605,16.361932292707,16.5849073348959,0,0,FALSE,14.193018087631,12.4788402206357,18.9712010065187,15.091348627323,14.6726001999886,11.6786644554154,12.6900157434178,12.7637633069751,12.9073331618027,10.3516032615679,10.3027366370076,8.929580366273,7.11886539299247,6.04321326982207,5.77251434672362
"86",2002-08-19,1698,0,17.9848718313473,17.8163941932941,17.6267812693212,18.7664948959842,15.3439915101605,16.361932292707,0,0,FALSE,16.5849073348959,14.193018087631,12.4788402206357,18.9712010065187,15.091348627323,14.6726001999886,11.6786644554154,12.6900157434178,12.7637633069751,12.9073331618027,10.3516032615679,10.3027366370076,8.929580366273,7.11886539299247,6.04321326982207
"87",2002-08-26,1732,0,18.2535715433448,17.9848718313473,17.8163941932941,17.6267812693212,18.7664948959842,15.3439915101605,0,0,FALSE,16.361932292707,16.5849073348959,14.193018087631,12.4788402206357,18.9712010065187,15.091348627323,14.6726001999886,11.6786644554154,12.6900157434178,12.7637633069751,12.9073331618027,10.3516032615679,10.3027366370076,8.929580366273,7.11886539299247
"88",2002-09-02,1633,0,14.6803792797361,18.2535715433448,17.9848718313473,17.8163941932941,17.6267812693212,18.7664948959842,0,0,FALSE,15.3439915101605,16.361932292707,16.5849073348959,14.193018087631,12.4788402206357,18.9712010065187,15.091348627323,14.6726001999886,11.6786644554154,12.6900157434178,12.7637633069751,12.9073331618027,10.3516032615679,10.3027366370076,8.929580366273
"89",2002-09-09,1509,0,13.8609184772774,14.6803792797361,18.2535715433448,17.9848718313473,17.8163941932941,17.6267812693212,0,0,FALSE,18.7664948959842,15.3439915101605,16.361932292707,16.5849073348959,14.193018087631,12.4788402206357,18.9712010065187,15.091348627323,14.6726001999886,11.6786644554154,12.6900157434178,12.7637633069751,12.9073331618027,10.3516032615679,10.3027366370076
"90",2002-09-16,1552,0,12.4383527525233,13.8609184772774,14.6803792797361,18.2535715433448,17.9848718313473,17.8163941932941,0,0,FALSE,17.6267812693212,18.7664948959842,15.3439915101605,16.361932292707,16.5849073348959,14.193018087631,12.4788402206357,18.9712010065187,15.091348627323,14.6726001999886,11.6786644554154,12.6900157434178,12.7637633069751,12.9073331618027,10.3516032615679
"91",2002-09-23,1388,0,10.0364096277449,12.4383527525233,13.8609184772774,14.6803792797361,18.2535715433448,17.9848718313473,0,0,FALSE,17.8163941932941,17.6267812693212,18.7664948959842,15.3439915101605,16.361932292707,16.5849073348959,14.193018087631,12.4788402206357,18.9712010065187,15.091348627323,14.6726001999886,11.6786644554154,12.6900157434178,12.7637633069751,12.9073331618027
"92",2002-09-30,1188,0,11.5724205813483,10.0364096277449,12.4383527525233,13.8609184772774,14.6803792797361,18.2535715433448,0,0,FALSE,17.9848718313473,17.8163941932941,17.6267812693212,18.7664948959842,15.3439915101605,16.361932292707,16.5849073348959,14.193018087631,12.4788402206357,18.9712010065187,15.091348627323,14.6726001999886,11.6786644554154,12.6900157434178,12.7637633069751
"93",2002-10-07,1220,0,7.93159348163829,11.5724205813483,10.0364096277449,12.4383527525233,13.8609184772774,14.6803792797361,0,0,FALSE,18.2535715433448,17.9848718313473,17.8163941932941,17.6267812693212,18.7664948959842,15.3439915101605,16.361932292707,16.5849073348959,14.193018087631,12.4788402206357,18.9712010065187,15.091348627323,14.6726001999886,11.6786644554154,12.6900157434178
"94",2002-10-14,1248,0,9.81364678269801,7.93159348163829,11.5724205813483,10.0364096277449,12.4383527525233,13.8609184772774,0,0,FALSE,14.6803792797361,18.2535715433448,17.9848718313473,17.8163941932941,17.6267812693212,18.7664948959842,15.3439915101605,16.361932292707,16.5849073348959,14.193018087631,12.4788402206357,18.9712010065187,15.091348627323,14.6726001999886,11.6786644554154
"95",2002-10-21,1189,0,10.2107375926138,9.81364678269801,7.93159348163829,11.5724205813483,10.0364096277449,12.4383527525233,0,0,FALSE,13.8609184772774,14.6803792797361,18.2535715433448,17.9848718313473,17.8163941932941,17.6267812693212,18.7664948959842,15.3439915101605,16.361932292707,16.5849073348959,14.193018087631,12.4788402206357,18.9712010065187,15.091348627323,14.6726001999886
"96",2002-10-28,1113,0,9.35896689058935,10.2107375926138,9.81364678269801,7.93159348163829,11.5724205813483,10.0364096277449,0,0,FALSE,12.4383527525233,13.8609184772774,14.6803792797361,18.2535715433448,17.9848718313473,17.8163941932941,17.6267812693212,18.7664948959842,15.3439915101605,16.361932292707,16.5849073348959,14.193018087631,12.4788402206357,18.9712010065187,15.091348627323
"97",2002-11-04,1188,0,7.0698843259945,9.35896689058935,10.2107375926138,9.81364678269801,7.93159348163829,11.5724205813483,0,0,FALSE,10.0364096277449,12.4383527525233,13.8609184772774,14.6803792797361,18.2535715433448,17.9848718313473,17.8163941932941,17.6267812693212,18.7664948959842,15.3439915101605,16.361932292707,16.5849073348959,14.193018087631,12.4788402206357,18.9712010065187
"98",2002-11-11,1150,0,9.37762612854271,7.0698843259945,9.35896689058935,10.2107375926138,9.81364678269801,7.93159348163829,0,0,FALSE,11.5724205813483,10.0364096277449,12.4383527525233,13.8609184772774,14.6803792797361,18.2535715433448,17.9848718313473,17.8163941932941,17.6267812693212,18.7664948959842,15.3439915101605,16.361932292707,16.5849073348959,14.193018087631,12.4788402206357
"99",2002-11-18,1109,0,8.03097689836826,9.37762612854271,7.0698843259945,9.35896689058935,10.2107375926138,9.81364678269801,0,0,FALSE,7.93159348163829,11.5724205813483,10.0364096277449,12.4383527525233,13.8609184772774,14.6803792797361,18.2535715433448,17.9848718313473,17.8163941932941,17.6267812693212,18.7664948959842,15.3439915101605,16.361932292707,16.5849073348959,14.193018087631
"100",2002-11-25,980,0,8.9429076901087,8.03097689836826,9.37762612854271,7.0698843259945,9.35896689058935,10.2107375926138,0,0,FALSE,9.81364678269801,7.93159348163829,11.5724205813483,10.0364096277449,12.4383527525233,13.8609184772774,14.6803792797361,18.2535715433448,17.9848718313473,17.8163941932941,17.6267812693212,18.7664948959842,15.3439915101605,16.361932292707,16.5849073348959
"101",2002-12-02,905,0,6.32113022980006,8.9429076901087,8.03097689836826,9.37762612854271,7.0698843259945,9.35896689058935,0,0,FALSE,10.2107375926138,9.81364678269801,7.93159348163829,11.5724205813483,10.0364096277449,12.4383527525233,13.8609184772774,14.6803792797361,18.2535715433448,17.9848718313473,17.8163941932941,17.6267812693212,18.7664948959842,15.3439915101605,16.361932292707
"102",2002-12-09,869,0,3.61864043803172,6.32113022980006,8.9429076901087,8.03097689836826,9.37762612854271,7.0698843259945,0,0,FALSE,9.35896689058935,10.2107375926138,9.81364678269801,7.93159348163829,11.5724205813483,10.0364096277449,12.4383527525233,13.8609184772774,14.6803792797361,18.2535715433448,17.9848718313473,17.8163941932941,17.6267812693212,18.7664948959842,15.3439915101605
"103",2002-12-16,803,0,6.12227813335558,3.61864043803172,6.32113022980006,8.9429076901087,8.03097689836826,9.37762612854271,0,0,FALSE,7.0698843259945,9.35896689058935,10.2107375926138,9.81364678269801,7.93159348163829,11.5724205813483,10.0364096277449,12.4383527525233,13.8609184772774,14.6803792797361,18.2535715433448,17.9848718313473,17.8163941932941,17.6267812693212,18.7664948959842
"104",2002-12-23,428,0,7.31274620132312,6.12227813335558,3.61864043803172,6.32113022980006,8.9429076901087,8.03097689836826,0,1,FALSE,9.37762612854271,7.0698843259945,9.35896689058935,10.2107375926138,9.81364678269801,7.93159348163829,11.5724205813483,10.0364096277449,12.4383527525233,13.8609184772774,14.6803792797361,18.2535715433448,17.9848718313473,17.8163941932941,17.6267812693212
"105",2002-12-30,384,0,6.45535381185789,7.31274620132312,6.12227813335558,3.61864043803172,6.32113022980006,8.9429076901087,0,1,FALSE,8.03097689836826,9.37762612854271,7.0698843259945,9.35896689058935,10.2107375926138,9.81364678269801,7.93159348163829,11.5724205813483,10.0364096277449,12.4383527525233,13.8609184772774,14.6803792797361,18.2535715433448,17.9848718313473,17.8163941932941
"106",2003-01-06,652,0,3.12408843483775,6.45535381185789,7.31274620132312,6.12227813335558,3.61864043803172,6.32113022980006,1,0,FALSE,8.9429076901087,8.03097689836826,9.37762612854271,7.0698843259945,9.35896689058935,10.2107375926138,9.81364678269801,7.93159348163829,11.5724205813483,10.0364096277449,12.4383527525233,13.8609184772774,14.6803792797361,18.2535715433448,17.9848718313473
"107",2003-01-13,910,0,6.38699848840656,3.12408843483775,6.45535381185789,7.31274620132312,6.12227813335558,3.61864043803172,1,0,FALSE,6.32113022980006,8.9429076901087,8.03097689836826,9.37762612854271,7.0698843259945,9.35896689058935,10.2107375926138,9.81364678269801,7.93159348163829,11.5724205813483,10.0364096277449,12.4383527525233,13.8609184772774,14.6803792797361,18.2535715433448
"108",2003-01-20,763,0,6.772219925952,6.38699848840656,3.12408843483775,6.45535381185789,7.31274620132312,6.12227813335558,0,0,FALSE,3.61864043803172,6.32113022980006,8.9429076901087,8.03097689836826,9.37762612854271,7.0698843259945,9.35896689058935,10.2107375926138,9.81364678269801,7.93159348163829,11.5724205813483,10.0364096277449,12.4383527525233,13.8609184772774,14.6803792797361
"109",2003-01-27,723,0,5.69945000056429,6.772219925952,6.38699848840656,3.12408843483775,6.45535381185789,7.31274620132312,0,0,FALSE,6.12227813335558,3.61864043803172,6.32113022980006,8.9429076901087,8.03097689836826,9.37762612854271,7.0698843259945,9.35896689058935,10.2107375926138,9.81364678269801,7.93159348163829,11.5724205813483,10.0364096277449,12.4383527525233,13.8609184772774
"110",2003-02-03,696,0,5.40041219229144,5.69945000056429,6.772219925952,6.38699848840656,3.12408843483775,6.45535381185789,0,0,FALSE,7.31274620132312,6.12227813335558,3.61864043803172,6.32113022980006,8.9429076901087,8.03097689836826,9.37762612854271,7.0698843259945,9.35896689058935,10.2107375926138,9.81364678269801,7.93159348163829,11.5724205813483,10.0364096277449,12.4383527525233
"111",2003-02-10,631,0,3.60520681236524,5.40041219229144,5.69945000056429,6.772219925952,6.38699848840656,3.12408843483775,0,0,FALSE,6.45535381185789,7.31274620132312,6.12227813335558,3.61864043803172,6.32113022980006,8.9429076901087,8.03097689836826,9.37762612854271,7.0698843259945,9.35896689058935,10.2107375926138,9.81364678269801,7.93159348163829,11.5724205813483,10.0364096277449
"112",2003-02-17,686,0,4.10119112720604,3.60520681236524,5.40041219229144,5.69945000056429,6.772219925952,6.38699848840656,0,0,FALSE,3.12408843483775,6.45535381185789,7.31274620132312,6.12227813335558,3.61864043803172,6.32113022980006,8.9429076901087,8.03097689836826,9.37762612854271,7.0698843259945,9.35896689058935,10.2107375926138,9.81364678269801,7.93159348163829,11.5724205813483
"113",2003-02-24,618,0,5.56663755848462,4.10119112720604,3.60520681236524,5.40041219229144,5.69945000056429,6.772219925952,0,0,FALSE,6.38699848840656,3.12408843483775,6.45535381185789,7.31274620132312,6.12227813335558,3.61864043803172,6.32113022980006,8.9429076901087,8.03097689836826,9.37762612854271,7.0698843259945,9.35896689058935,10.2107375926138,9.81364678269801,7.93159348163829
"114",2003-03-03,544,0,6.93419115616932,5.56663755848462,4.10119112720604,3.60520681236524,5.40041219229144,5.69945000056429,0,0,FALSE,6.772219925952,6.38699848840656,3.12408843483775,6.45535381185789,7.31274620132312,6.12227813335558,3.61864043803172,6.32113022980006,8.9429076901087,8.03097689836826,9.37762612854271,7.0698843259945,9.35896689058935,10.2107375926138,9.81364678269801
"115",2003-03-10,570,0,6.7175695122983,6.93419115616932,5.56663755848462,4.10119112720604,3.60520681236524,5.40041219229144,0,0,FALSE,5.69945000056429,6.772219925952,6.38699848840656,3.12408843483775,6.45535381185789,7.31274620132312,6.12227813335558,3.61864043803172,6.32113022980006,8.9429076901087,8.03097689836826,9.37762612854271,7.0698843259945,9.35896689058935,10.2107375926138
"116",2003-03-17,505,0,5.15590070378601,6.7175695122983,6.93419115616932,5.56663755848462,4.10119112720604,3.60520681236524,0,0,FALSE,5.40041219229144,5.69945000056429,6.772219925952,6.38699848840656,3.12408843483775,6.45535381185789,7.31274620132312,6.12227813335558,3.61864043803172,6.32113022980006,8.9429076901087,8.03097689836826,9.37762612854271,7.0698843259945,9.35896689058935
"117",2003-03-24,574,0,8.18209866452049,5.15590070378601,6.7175695122983,6.93419115616932,5.56663755848462,4.10119112720604,0,0,FALSE,3.60520681236524,5.40041219229144,5.69945000056429,6.772219925952,6.38699848840656,3.12408843483775,6.45535381185789,7.31274620132312,6.12227813335558,3.61864043803172,6.32113022980006,8.9429076901087,8.03097689836826,9.37762612854271,7.0698843259945
"118",2003-03-31,641,0,6.24933787882452,8.18209866452049,5.15590070378601,6.7175695122983,6.93419115616932,5.56663755848462,0,0,FALSE,4.10119112720604,3.60520681236524,5.40041219229144,5.69945000056429,6.772219925952,6.38699848840656,3.12408843483775,6.45535381185789,7.31274620132312,6.12227813335558,3.61864043803172,6.32113022980006,8.9429076901087,8.03097689836826,9.37762612854271
"119",2003-04-07,633,0,4.8948046883522,6.24933787882452,8.18209866452049,5.15590070378601,6.7175695122983,6.93419115616932,0,0,FALSE,5.56663755848462,4.10119112720604,3.60520681236524,5.40041219229144,5.69945000056429,6.772219925952,6.38699848840656,3.12408843483775,6.45535381185789,7.31274620132312,6.12227813335558,3.61864043803172,6.32113022980006,8.9429076901087,8.03097689836826
"120",2003-04-14,512,0,7.12560325719001,4.8948046883522,6.24933787882452,8.18209866452049,5.15590070378601,6.7175695122983,0,0,FALSE,6.93419115616932,5.56663755848462,4.10119112720604,3.60520681236524,5.40041219229144,5.69945000056429,6.772219925952,6.38699848840656,3.12408843483775,6.45535381185789,7.31274620132312,6.12227813335558,3.61864043803172,6.32113022980006,8.9429076901087
"121",2003-04-21,462,0,9.27714415083548,7.12560325719001,4.8948046883522,6.24933787882452,8.18209866452049,5.15590070378601,0,0,FALSE,6.7175695122983,6.93419115616932,5.56663755848462,4.10119112720604,3.60520681236524,5.40041219229144,5.69945000056429,6.772219925952,6.38699848840656,3.12408843483775,6.45535381185789,7.31274620132312,6.12227813335558,3.61864043803172,6.32113022980006
"122",2003-04-28,555,0,10.7004861876658,9.27714415083548,7.12560325719001,4.8948046883522,6.24933787882452,8.18209866452049,0,0,FALSE,5.15590070378601,6.7175695122983,6.93419115616932,5.56663755848462,4.10119112720604,3.60520681236524,5.40041219229144,5.69945000056429,6.772219925952,6.38699848840656,3.12408843483775,6.45535381185789,7.31274620132312,6.12227813335558,3.61864043803172
"123",2003-05-05,649,0,12.3007513008832,10.7004861876658,9.27714415083548,7.12560325719001,4.8948046883522,6.24933787882452,0,0,FALSE,8.18209866452049,5.15590070378601,6.7175695122983,6.93419115616932,5.56663755848462,4.10119112720604,3.60520681236524,5.40041219229144,5.69945000056429,6.772219925952,6.38699848840656,3.12408843483775,6.45535381185789,7.31274620132312,6.12227813335558
"124",2003-05-12,786,0,10.3442381243923,12.3007513008832,10.7004861876658,9.27714415083548,7.12560325719001,4.8948046883522,0,0,FALSE,6.24933787882452,8.18209866452049,5.15590070378601,6.7175695122983,6.93419115616932,5.56663755848462,4.10119112720604,3.60520681236524,5.40041219229144,5.69945000056429,6.772219925952,6.38699848840656,3.12408843483775,6.45535381185789,7.31274620132312
"125",2003-05-19,775,0,12.953820468907,10.3442381243923,12.3007513008832,10.7004861876658,9.27714415083548,7.12560325719001,0,0,FALSE,4.8948046883522,6.24933787882452,8.18209866452049,5.15590070378601,6.7175695122983,6.93419115616932,5.56663755848462,4.10119112720604,3.60520681236524,5.40041219229144,5.69945000056429,6.772219925952,6.38699848840656,3.12408843483775,6.45535381185789
"126",2003-05-26,723,0,14.4395471285172,12.953820468907,10.3442381243923,12.3007513008832,10.7004861876658,9.27714415083548,0,0,FALSE,7.12560325719001,4.8948046883522,6.24933787882452,8.18209866452049,5.15590070378601,6.7175695122983,6.93419115616932,5.56663755848462,4.10119112720604,3.60520681236524,5.40041219229144,5.69945000056429,6.772219925952,6.38699848840656,3.12408843483775
"127",2003-06-02,867,0,17.663685756082,14.4395471285172,12.953820468907,10.3442381243923,12.3007513008832,10.7004861876658,0,0,FALSE,9.27714415083548,7.12560325719001,4.8948046883522,6.24933787882452,8.18209866452049,5.15590070378601,6.7175695122983,6.93419115616932,5.56663755848462,4.10119112720604,3.60520681236524,5.40041219229144,5.69945000056429,6.772219925952,6.38699848840656
"128",2003-06-09,892,0,15.8719527323408,17.663685756082,14.4395471285172,12.953820468907,10.3442381243923,12.3007513008832,0,0,FALSE,10.7004861876658,9.27714415083548,7.12560325719001,4.8948046883522,6.24933787882452,8.18209866452049,5.15590070378601,6.7175695122983,6.93419115616932,5.56663755848462,4.10119112720604,3.60520681236524,5.40041219229144,5.69945000056429,6.772219925952
"129",2003-06-16,979,0,13.939220405506,15.8719527323408,17.663685756082,14.4395471285172,12.953820468907,10.3442381243923,0,0,FALSE,12.3007513008832,10.7004861876658,9.27714415083548,7.12560325719001,4.8948046883522,6.24933787882452,8.18209866452049,5.15590070378601,6.7175695122983,6.93419115616932,5.56663755848462,4.10119112720604,3.60520681236524,5.40041219229144,5.69945000056429
"130",2003-06-23,1236,0,14.7947421187244,13.939220405506,15.8719527323408,17.663685756082,14.4395471285172,12.953820468907,0,0,FALSE,10.3442381243923,12.3007513008832,10.7004861876658,9.27714415083548,7.12560325719001,4.8948046883522,6.24933787882452,8.18209866452049,5.15590070378601,6.7175695122983,6.93419115616932,5.56663755848462,4.10119112720604,3.60520681236524,5.40041219229144
"131",2003-06-30,1250,0,15.1154214163247,14.7947421187244,13.939220405506,15.8719527323408,17.663685756082,14.4395471285172,0,0,FALSE,12.953820468907,10.3442381243923,12.3007513008832,10.7004861876658,9.27714415083548,7.12560325719001,4.8948046883522,6.24933787882452,8.18209866452049,5.15590070378601,6.7175695122983,6.93419115616932,5.56663755848462,4.10119112720604,3.60520681236524
"132",2003-07-07,1481,0,14.0429175559174,15.1154214163247,14.7947421187244,13.939220405506,15.8719527323408,17.663685756082,0,0,FALSE,14.4395471285172,12.953820468907,10.3442381243923,12.3007513008832,10.7004861876658,9.27714415083548,7.12560325719001,4.8948046883522,6.24933787882452,8.18209866452049,5.15590070378601,6.7175695122983,6.93419115616932,5.56663755848462,4.10119112720604
"133",2003-07-14,1377,0,15.9425153043776,14.0429175559174,15.1154214163247,14.7947421187244,13.939220405506,15.8719527323408,0,0,FALSE,17.663685756082,14.4395471285172,12.953820468907,10.3442381243923,12.3007513008832,10.7004861876658,9.27714415083548,7.12560325719001,4.8948046883522,6.24933787882452,8.18209866452049,5.15590070378601,6.7175695122983,6.93419115616932,5.56663755848462
"134",2003-07-21,1430,0,18.2519256694329,15.9425153043776,14.0429175559174,15.1154214163247,14.7947421187244,13.939220405506,0,0,FALSE,15.8719527323408,17.663685756082,14.4395471285172,12.953820468907,10.3442381243923,12.3007513008832,10.7004861876658,9.27714415083548,7.12560325719001,4.8948046883522,6.24933787882452,8.18209866452049,5.15590070378601,6.7175695122983,6.93419115616932
"135",2003-07-28,1341,0,17.3257154331609,18.2519256694329,15.9425153043776,14.0429175559174,15.1154214163247,14.7947421187244,0,0,FALSE,13.939220405506,15.8719527323408,17.663685756082,14.4395471285172,12.953820468907,10.3442381243923,12.3007513008832,10.7004861876658,9.27714415083548,7.12560325719001,4.8948046883522,6.24933787882452,8.18209866452049,5.15590070378601,6.7175695122983
"136",2003-08-04,1324,0,16.7270265427781,17.3257154331609,18.2519256694329,15.9425153043776,14.0429175559174,15.1154214163247,0,0,FALSE,14.7947421187244,13.939220405506,15.8719527323408,17.663685756082,14.4395471285172,12.953820468907,10.3442381243923,12.3007513008832,10.7004861876658,9.27714415083548,7.12560325719001,4.8948046883522,6.24933787882452,8.18209866452049,5.15590070378601
"137",2003-08-11,1273,0,14.4904926345062,16.7270265427781,17.3257154331609,18.2519256694329,15.9425153043776,14.0429175559174,0,0,FALSE,15.1154214163247,14.7947421187244,13.939220405506,15.8719527323408,17.663685756082,14.4395471285172,12.953820468907,10.3442381243923,12.3007513008832,10.7004861876658,9.27714415083548,7.12560325719001,4.8948046883522,6.24933787882452,8.18209866452049
"138",2003-08-18,1451,0,15.5018053711553,14.4904926345062,16.7270265427781,17.3257154331609,18.2519256694329,15.9425153043776,0,0,FALSE,14.0429175559174,15.1154214163247,14.7947421187244,13.939220405506,15.8719527323408,17.663685756082,14.4395471285172,12.953820468907,10.3442381243923,12.3007513008832,10.7004861876658,9.27714415083548,7.12560325719001,4.8948046883522,6.24933787882452
"139",2003-08-25,1486,0,13.1460372589116,15.5018053711553,14.4904926345062,16.7270265427781,17.3257154331609,18.2519256694329,0,0,FALSE,15.9425153043776,14.0429175559174,15.1154214163247,14.7947421187244,13.939220405506,15.8719527323408,17.663685756082,14.4395471285172,12.953820468907,10.3442381243923,12.3007513008832,10.7004861876658,9.27714415083548,7.12560325719001,4.8948046883522
"140",2003-09-01,1371,0,11.6473466684321,13.1460372589116,15.5018053711553,14.4904926345062,16.7270265427781,17.3257154331609,0,0,FALSE,18.2519256694329,15.9425153043776,14.0429175559174,15.1154214163247,14.7947421187244,13.939220405506,15.8719527323408,17.663685756082,14.4395471285172,12.953820468907,10.3442381243923,12.3007513008832,10.7004861876658,9.27714415083548,7.12560325719001
"141",2003-09-08,1355,0,13.0101030099327,11.6473466684321,13.1460372589116,15.5018053711553,14.4904926345062,16.7270265427781,0,0,FALSE,17.3257154331609,18.2519256694329,15.9425153043776,14.0429175559174,15.1154214163247,14.7947421187244,13.939220405506,15.8719527323408,17.663685756082,14.4395471285172,12.953820468907,10.3442381243923,12.3007513008832,10.7004861876658,9.27714415083548
"142",2003-09-15,1216,0,13.4356926386294,13.0101030099327,11.6473466684321,13.1460372589116,15.5018053711553,14.4904926345062,0,0,FALSE,16.7270265427781,17.3257154331609,18.2519256694329,15.9425153043776,14.0429175559174,15.1154214163247,14.7947421187244,13.939220405506,15.8719527323408,17.663685756082,14.4395471285172,12.953820468907,10.3442381243923,12.3007513008832,10.7004861876658
"143",2003-09-22,1233,0,10.7447334036826,13.4356926386294,13.0101030099327,11.6473466684321,13.1460372589116,15.5018053711553,0,0,FALSE,14.4904926345062,16.7270265427781,17.3257154331609,18.2519256694329,15.9425153043776,14.0429175559174,15.1154214163247,14.7947421187244,13.939220405506,15.8719527323408,17.663685756082,14.4395471285172,12.953820468907,10.3442381243923,12.3007513008832
"144",2003-09-29,1055,0,11.51259632894,10.7447334036826,13.4356926386294,13.0101030099327,11.6473466684321,13.1460372589116,0,0,FALSE,15.5018053711553,14.4904926345062,16.7270265427781,17.3257154331609,18.2519256694329,15.9425153043776,14.0429175559174,15.1154214163247,14.7947421187244,13.939220405506,15.8719527323408,17.663685756082,14.4395471285172,12.953820468907,10.3442381243923
"145",2003-10-06,1089,0,9.99906987410763,11.51259632894,10.7447334036826,13.4356926386294,13.0101030099327,11.6473466684321,0,0,FALSE,13.1460372589116,15.5018053711553,14.4904926345062,16.7270265427781,17.3257154331609,18.2519256694329,15.9425153043776,14.0429175559174,15.1154214163247,14.7947421187244,13.939220405506,15.8719527323408,17.663685756082,14.4395471285172,12.953820468907
"146",2003-10-13,1132,0,6.8095459763878,9.99906987410763,11.51259632894,10.7447334036826,13.4356926386294,13.0101030099327,0,0,FALSE,11.6473466684321,13.1460372589116,15.5018053711553,14.4904926345062,16.7270265427781,17.3257154331609,18.2519256694329,15.9425153043776,14.0429175559174,15.1154214163247,14.7947421187244,13.939220405506,15.8719527323408,17.663685756082,14.4395471285172
"147",2003-10-20,1083,0,6.36197644946619,6.8095459763878,9.99906987410763,11.51259632894,10.7447334036826,13.4356926386294,0,0,FALSE,13.0101030099327,11.6473466684321,13.1460372589116,15.5018053711553,14.4904926345062,16.7270265427781,17.3257154331609,18.2519256694329,15.9425153043776,14.0429175559174,15.1154214163247,14.7947421187244,13.939220405506,15.8719527323408,17.663685756082
"148",2003-10-27,983,0,7.62701391771182,6.36197644946619,6.8095459763878,9.99906987410763,11.51259632894,10.7447334036826,0,0,FALSE,13.4356926386294,13.0101030099327,11.6473466684321,13.1460372589116,15.5018053711553,14.4904926345062,16.7270265427781,17.3257154331609,18.2519256694329,15.9425153043776,14.0429175559174,15.1154214163247,14.7947421187244,13.939220405506,15.8719527323408
"149",2003-11-03,863,0,8.10041448257711,7.62701391771182,6.36197644946619,6.8095459763878,9.99906987410763,11.51259632894,0,0,FALSE,10.7447334036826,13.4356926386294,13.0101030099327,11.6473466684321,13.1460372589116,15.5018053711553,14.4904926345062,16.7270265427781,17.3257154331609,18.2519256694329,15.9425153043776,14.0429175559174,15.1154214163247,14.7947421187244,13.939220405506
"150",2003-11-10,1052,0,7.11255425720962,8.10041448257711,7.62701391771182,6.36197644946619,6.8095459763878,9.99906987410763,0,0,FALSE,11.51259632894,10.7447334036826,13.4356926386294,13.0101030099327,11.6473466684321,13.1460372589116,15.5018053711553,14.4904926345062,16.7270265427781,17.3257154331609,18.2519256694329,15.9425153043776,14.0429175559174,15.1154214163247,14.7947421187244
"151",2003-11-17,1049,0,9.67757410815093,7.11255425720962,8.10041448257711,7.62701391771182,6.36197644946619,6.8095459763878,0,0,FALSE,9.99906987410763,11.51259632894,10.7447334036826,13.4356926386294,13.0101030099327,11.6473466684321,13.1460372589116,15.5018053711553,14.4904926345062,16.7270265427781,17.3257154331609,18.2519256694329,15.9425153043776,14.0429175559174,15.1154214163247
"152",2003-11-24,970,0,8.93049088152951,9.67757410815093,7.11255425720962,8.10041448257711,7.62701391771182,6.36197644946619,0,0,FALSE,6.8095459763878,9.99906987410763,11.51259632894,10.7447334036826,13.4356926386294,13.0101030099327,11.6473466684321,13.1460372589116,15.5018053711553,14.4904926345062,16.7270265427781,17.3257154331609,18.2519256694329,15.9425153043776,14.0429175559174
"153",2003-12-01,949,0,7.08724310599583,8.93049088152951,9.67757410815093,7.11255425720962,8.10041448257711,7.62701391771182,0,0,FALSE,6.36197644946619,6.8095459763878,9.99906987410763,11.51259632894,10.7447334036826,13.4356926386294,13.0101030099327,11.6473466684321,13.1460372589116,15.5018053711553,14.4904926345062,16.7270265427781,17.3257154331609,18.2519256694329,15.9425153043776
"154",2003-12-08,875,0,5.87884804768261,7.08724310599583,8.93049088152951,9.67757410815093,7.11255425720962,8.10041448257711,0,0,FALSE,7.62701391771182,6.36197644946619,6.8095459763878,9.99906987410763,11.51259632894,10.7447334036826,13.4356926386294,13.0101030099327,11.6473466684321,13.1460372589116,15.5018053711553,14.4904926345062,16.7270265427781,17.3257154331609,18.2519256694329
"155",2003-12-15,838,0,6.50474725986556,5.87884804768261,7.08724310599583,8.93049088152951,9.67757410815093,7.11255425720962,0,0,FALSE,8.10041448257711,7.62701391771182,6.36197644946619,6.8095459763878,9.99906987410763,11.51259632894,10.7447334036826,13.4356926386294,13.0101030099327,11.6473466684321,13.1460372589116,15.5018053711553,14.4904926345062,16.7270265427781,17.3257154331609
"156",2003-12-22,444,0,5.55801956356685,6.50474725986556,5.87884804768261,7.08724310599583,8.93049088152951,9.67757410815093,0,1,FALSE,7.11255425720962,8.10041448257711,7.62701391771182,6.36197644946619,6.8095459763878,9.99906987410763,11.51259632894,10.7447334036826,13.4356926386294,13.0101030099327,11.6473466684321,13.1460372589116,15.5018053711553,14.4904926345062,16.7270265427781
"157",2003-12-29,361,0,4.73506310667054,5.55801956356685,6.50474725986556,5.87884804768261,7.08724310599583,8.93049088152951,0,1,FALSE,9.67757410815093,7.11255425720962,8.10041448257711,7.62701391771182,6.36197644946619,6.8095459763878,9.99906987410763,11.51259632894,10.7447334036826,13.4356926386294,13.0101030099327,11.6473466684321,13.1460372589116,15.5018053711553,14.4904926345062
"158",2004-01-05,708,0,6.51139398001288,4.73506310667054,5.55801956356685,6.50474725986556,5.87884804768261,7.08724310599583,1,0,FALSE,8.93049088152951,9.67757410815093,7.11255425720962,8.10041448257711,7.62701391771182,6.36197644946619,6.8095459763878,9.99906987410763,11.51259632894,10.7447334036826,13.4356926386294,13.0101030099327,11.6473466684321,13.1460372589116,15.5018053711553
"159",2004-01-12,1113,0,6.85292405401535,6.51139398001288,4.73506310667054,5.55801956356685,6.50474725986556,5.87884804768261,1,0,FALSE,7.08724310599583,8.93049088152951,9.67757410815093,7.11255425720962,8.10041448257711,7.62701391771182,6.36197644946619,6.8095459763878,9.99906987410763,11.51259632894,10.7447334036826,13.4356926386294,13.0101030099327,11.6473466684321,13.1460372589116
"160",2004-01-19,745,0,4.53273813686426,6.85292405401535,6.51139398001288,4.73506310667054,5.55801956356685,6.50474725986556,0,0,FALSE,5.87884804768261,7.08724310599583,8.93049088152951,9.67757410815093,7.11255425720962,8.10041448257711,7.62701391771182,6.36197644946619,6.8095459763878,9.99906987410763,11.51259632894,10.7447334036826,13.4356926386294,13.0101030099327,11.6473466684321
"161",2004-01-26,657,0,5.40732512479282,4.53273813686426,6.85292405401535,6.51139398001288,4.73506310667054,5.55801956356685,0,0,FALSE,6.50474725986556,5.87884804768261,7.08724310599583,8.93049088152951,9.67757410815093,7.11255425720962,8.10041448257711,7.62701391771182,6.36197644946619,6.8095459763878,9.99906987410763,11.51259632894,10.7447334036826,13.4356926386294,13.0101030099327
"162",2004-02-02,650,0,8.84062705211551,5.40732512479282,4.53273813686426,6.85292405401535,6.51139398001288,4.73506310667054,0,0,FALSE,5.55801956356685,6.50474725986556,5.87884804768261,7.08724310599583,8.93049088152951,9.67757410815093,7.11255425720962,8.10041448257711,7.62701391771182,6.36197644946619,6.8095459763878,9.99906987410763,11.51259632894,10.7447334036826,13.4356926386294
"163",2004-02-09,695,0,6.3264703981609,8.84062705211551,5.40732512479282,4.53273813686426,6.85292405401535,6.51139398001288,0,0,FALSE,4.73506310667054,5.55801956356685,6.50474725986556,5.87884804768261,7.08724310599583,8.93049088152951,9.67757410815093,7.11255425720962,8.10041448257711,7.62701391771182,6.36197644946619,6.8095459763878,9.99906987410763,11.51259632894,10.7447334036826
"164",2004-02-16,684,0,5.20630801502105,6.3264703981609,8.84062705211551,5.40732512479282,4.53273813686426,6.85292405401535,0,0,FALSE,6.51139398001288,4.73506310667054,5.55801956356685,6.50474725986556,5.87884804768261,7.08724310599583,8.93049088152951,9.67757410815093,7.11255425720962,8.10041448257711,7.62701391771182,6.36197644946619,6.8095459763878,9.99906987410763,11.51259632894
"165",2004-02-23,603,0,4.4498706575086,5.20630801502105,6.3264703981609,8.84062705211551,5.40732512479282,4.53273813686426,0,0,FALSE,6.85292405401535,6.51139398001288,4.73506310667054,5.55801956356685,6.50474725986556,5.87884804768261,7.08724310599583,8.93049088152951,9.67757410815093,7.11255425720962,8.10041448257711,7.62701391771182,6.36197644946619,6.8095459763878,9.99906987410763
"166",2004-03-01,687,0,4.95432473611539,4.4498706575086,5.20630801502105,6.3264703981609,8.84062705211551,5.40732512479282,0,0,FALSE,4.53273813686426,6.85292405401535,6.51139398001288,4.73506310667054,5.55801956356685,6.50474725986556,5.87884804768261,7.08724310599583,8.93049088152951,9.67757410815093,7.11255425720962,8.10041448257711,7.62701391771182,6.36197644946619,6.8095459763878
"167",2004-03-08,636,0,6.14443360863397,4.95432473611539,4.4498706575086,5.20630801502105,6.3264703981609,8.84062705211551,0,0,FALSE,5.40732512479282,4.53273813686426,6.85292405401535,6.51139398001288,4.73506310667054,5.55801956356685,6.50474725986556,5.87884804768261,7.08724310599583,8.93049088152951,9.67757410815093,7.11255425720962,8.10041448257711,7.62701391771182,6.36197644946619
"168",2004-03-15,629,0,9.54774701395949,6.14443360863397,4.95432473611539,4.4498706575086,5.20630801502105,6.3264703981609,0,0,FALSE,8.84062705211551,5.40732512479282,4.53273813686426,6.85292405401535,6.51139398001288,4.73506310667054,5.55801956356685,6.50474725986556,5.87884804768261,7.08724310599583,8.93049088152951,9.67757410815093,7.11255425720962,8.10041448257711,7.62701391771182
"169",2004-03-22,598,0,5.97740248093789,9.54774701395949,6.14443360863397,4.95432473611539,4.4498706575086,5.20630801502105,0,0,FALSE,6.3264703981609,8.84062705211551,5.40732512479282,4.53273813686426,6.85292405401535,6.51139398001288,4.73506310667054,5.55801956356685,6.50474725986556,5.87884804768261,7.08724310599583,8.93049088152951,9.67757410815093,7.11255425720962,8.10041448257711
"170",2004-03-29,688,0,7.504082858195,5.97740248093789,9.54774701395949,6.14443360863397,4.95432473611539,4.4498706575086,0,0,FALSE,5.20630801502105,6.3264703981609,8.84062705211551,5.40732512479282,4.53273813686426,6.85292405401535,6.51139398001288,4.73506310667054,5.55801956356685,6.50474725986556,5.87884804768261,7.08724310599583,8.93049088152951,9.67757410815093,7.11255425720962
"171",2004-04-05,540,0,7.42466830876168,7.504082858195,5.97740248093789,9.54774701395949,6.14443360863397,4.95432473611539,0,0,FALSE,4.4498706575086,5.20630801502105,6.3264703981609,8.84062705211551,5.40732512479282,4.53273813686426,6.85292405401535,6.51139398001288,4.73506310667054,5.55801956356685,6.50474725986556,5.87884804768261,7.08724310599583,8.93049088152951,9.67757410815093
"172",2004-04-12,533,0,8.1494759933255,7.42466830876168,7.504082858195,5.97740248093789,9.54774701395949,6.14443360863397,0,0,FALSE,4.95432473611539,4.4498706575086,5.20630801502105,6.3264703981609,8.84062705211551,5.40732512479282,4.53273813686426,6.85292405401535,6.51139398001288,4.73506310667054,5.55801956356685,6.50474725986556,5.87884804768261,7.08724310599583,8.93049088152951
"173",2004-04-19,745,0,9.51172001765524,8.1494759933255,7.42466830876168,7.504082858195,5.97740248093789,9.54774701395949,0,0,FALSE,6.14443360863397,4.95432473611539,4.4498706575086,5.20630801502105,6.3264703981609,8.84062705211551,5.40732512479282,4.53273813686426,6.85292405401535,6.51139398001288,4.73506310667054,5.55801956356685,6.50474725986556,5.87884804768261,7.08724310599583
"174",2004-04-26,813,0,10.6985065670815,9.51172001765524,8.1494759933255,7.42466830876168,7.504082858195,5.97740248093789,0,0,FALSE,9.54774701395949,6.14443360863397,4.95432473611539,4.4498706575086,5.20630801502105,6.3264703981609,8.84062705211551,5.40732512479282,4.53273813686426,6.85292405401535,6.51139398001288,4.73506310667054,5.55801956356685,6.50474725986556,5.87884804768261
"175",2004-05-03,862,0,10.8939549509797,10.6985065670815,9.51172001765524,8.1494759933255,7.42466830876168,7.504082858195,0,0,FALSE,5.97740248093789,9.54774701395949,6.14443360863397,4.95432473611539,4.4498706575086,5.20630801502105,6.3264703981609,8.84062705211551,5.40732512479282,4.53273813686426,6.85292405401535,6.51139398001288,4.73506310667054,5.55801956356685,6.50474725986556
"176",2004-05-10,868,0,10.7781826331015,10.8939549509797,10.6985065670815,9.51172001765524,8.1494759933255,7.42466830876168,0,0,FALSE,7.504082858195,5.97740248093789,9.54774701395949,6.14443360863397,4.95432473611539,4.4498706575086,5.20630801502105,6.3264703981609,8.84062705211551,5.40732512479282,4.53273813686426,6.85292405401535,6.51139398001288,4.73506310667054,5.55801956356685
"177",2004-05-17,798,0,10.2006417945379,10.7781826331015,10.8939549509797,10.6985065670815,9.51172001765524,8.1494759933255,0,0,FALSE,7.42466830876168,7.504082858195,5.97740248093789,9.54774701395949,6.14443360863397,4.95432473611539,4.4498706575086,5.20630801502105,6.3264703981609,8.84062705211551,5.40732512479282,4.53273813686426,6.85292405401535,6.51139398001288,4.73506310667054
"178",2004-05-24,943,0,9.1668428532479,10.2006417945379,10.7781826331015,10.8939549509797,10.6985065670815,9.51172001765524,0,0,FALSE,8.1494759933255,7.42466830876168,7.504082858195,5.97740248093789,9.54774701395949,6.14443360863397,4.95432473611539,4.4498706575086,5.20630801502105,6.3264703981609,8.84062705211551,5.40732512479282,4.53273813686426,6.85292405401535,6.51139398001288
"179",2004-05-31,982,0,12.7385319274636,9.1668428532479,10.2006417945379,10.7781826331015,10.8939549509797,10.6985065670815,0,0,FALSE,9.51172001765524,8.1494759933255,7.42466830876168,7.504082858195,5.97740248093789,9.54774701395949,6.14443360863397,4.95432473611539,4.4498706575086,5.20630801502105,6.3264703981609,8.84062705211551,5.40732512479282,4.53273813686426,6.85292405401535
"180",2004-06-07,1077,0,15.502561142656,12.7385319274636,9.1668428532479,10.2006417945379,10.7781826331015,10.8939549509797,0,0,FALSE,10.6985065670815,9.51172001765524,8.1494759933255,7.42466830876168,7.504082858195,5.97740248093789,9.54774701395949,6.14443360863397,4.95432473611539,4.4498706575086,5.20630801502105,6.3264703981609,8.84062705211551,5.40732512479282,4.53273813686426
"181",2004-06-14,1310,0,12.3632886278137,15.502561142656,12.7385319274636,9.1668428532479,10.2006417945379,10.7781826331015,0,0,FALSE,10.8939549509797,10.6985065670815,9.51172001765524,8.1494759933255,7.42466830876168,7.504082858195,5.97740248093789,9.54774701395949,6.14443360863397,4.95432473611539,4.4498706575086,5.20630801502105,6.3264703981609,8.84062705211551,5.40732512479282
"182",2004-06-21,1429,0,12.7372324619057,12.3632886278137,15.502561142656,12.7385319274636,9.1668428532479,10.2006417945379,0,0,FALSE,10.7781826331015,10.8939549509797,10.6985065670815,9.51172001765524,8.1494759933255,7.42466830876168,7.504082858195,5.97740248093789,9.54774701395949,6.14443360863397,4.95432473611539,4.4498706575086,5.20630801502105,6.3264703981609,8.84062705211551
"183",2004-06-28,1336,0,12.8062122602088,12.7372324619057,12.3632886278137,15.502561142656,12.7385319274636,9.1668428532479,0,0,FALSE,10.2006417945379,10.7781826331015,10.8939549509797,10.6985065670815,9.51172001765524,8.1494759933255,7.42466830876168,7.504082858195,5.97740248093789,9.54774701395949,6.14443360863397,4.95432473611539,4.4498706575086,5.20630801502105,6.3264703981609
"184",2004-07-05,1507,0,13.9119945114092,12.8062122602088,12.7372324619057,12.3632886278137,15.502561142656,12.7385319274636,0,0,FALSE,9.1668428532479,10.2006417945379,10.7781826331015,10.8939549509797,10.6985065670815,9.51172001765524,8.1494759933255,7.42466830876168,7.504082858195,5.97740248093789,9.54774701395949,6.14443360863397,4.95432473611539,4.4498706575086,5.20630801502105
"185",2004-07-12,1496,0,15.6232983891224,13.9119945114092,12.8062122602088,12.7372324619057,12.3632886278137,15.502561142656,0,0,FALSE,12.7385319274636,9.1668428532479,10.2006417945379,10.7781826331015,10.8939549509797,10.6985065670815,9.51172001765524,8.1494759933255,7.42466830876168,7.504082858195,5.97740248093789,9.54774701395949,6.14443360863397,4.95432473611539,4.4498706575086
"186",2004-07-19,1521,0,18.0880286289037,15.6232983891224,13.9119945114092,12.8062122602088,12.7372324619057,12.3632886278137,0,0,FALSE,15.502561142656,12.7385319274636,9.1668428532479,10.2006417945379,10.7781826331015,10.8939549509797,10.6985065670815,9.51172001765524,8.1494759933255,7.42466830876168,7.504082858195,5.97740248093789,9.54774701395949,6.14443360863397,4.95432473611539
"187",2004-07-26,1524,0,14.7125002748261,18.0880286289037,15.6232983891224,13.9119945114092,12.8062122602088,12.7372324619057,0,0,FALSE,12.3632886278137,15.502561142656,12.7385319274636,9.1668428532479,10.2006417945379,10.7781826331015,10.8939549509797,10.6985065670815,9.51172001765524,8.1494759933255,7.42466830876168,7.504082858195,5.97740248093789,9.54774701395949,6.14443360863397
"188",2004-08-02,1555,0,16.9980423999765,14.7125002748261,18.0880286289037,15.6232983891224,13.9119945114092,12.8062122602088,0,0,FALSE,12.7372324619057,12.3632886278137,15.502561142656,12.7385319274636,9.1668428532479,10.2006417945379,10.7781826331015,10.8939549509797,10.6985065670815,9.51172001765524,8.1494759933255,7.42466830876168,7.504082858195,5.97740248093789,9.54774701395949
"189",2004-08-09,1604,0,16.8823606388467,16.9980423999765,14.7125002748261,18.0880286289037,15.6232983891224,13.9119945114092,0,0,FALSE,12.8062122602088,12.7372324619057,12.3632886278137,15.502561142656,12.7385319274636,9.1668428532479,10.2006417945379,10.7781826331015,10.8939549509797,10.6985065670815,9.51172001765524,8.1494759933255,7.42466830876168,7.504082858195,5.97740248093789
"190",2004-08-16,1760,0,16.4503888747841,16.8823606388467,16.9980423999765,14.7125002748261,18.0880286289037,15.6232983891224,0,0,FALSE,13.9119945114092,12.8062122602088,12.7372324619057,12.3632886278137,15.502561142656,12.7385319274636,9.1668428532479,10.2006417945379,10.7781826331015,10.8939549509797,10.6985065670815,9.51172001765524,8.1494759933255,7.42466830876168,7.504082858195
"191",2004-08-23,1753,0,14.9604109429678,16.4503888747841,16.8823606388467,16.9980423999765,14.7125002748261,18.0880286289037,0,0,FALSE,15.6232983891224,13.9119945114092,12.8062122602088,12.7372324619057,12.3632886278137,15.502561142656,12.7385319274636,9.1668428532479,10.2006417945379,10.7781826331015,10.8939549509797,10.6985065670815,9.51172001765524,8.1494759933255,7.42466830876168
"192",2004-08-30,1730,0,14.2342648708681,14.9604109429678,16.4503888747841,16.8823606388467,16.9980423999765,14.7125002748261,0,0,FALSE,18.0880286289037,15.6232983891224,13.9119945114092,12.8062122602088,12.7372324619057,12.3632886278137,15.502561142656,12.7385319274636,9.1668428532479,10.2006417945379,10.7781826331015,10.8939549509797,10.6985065670815,9.51172001765524,8.1494759933255
"193",2004-09-06,1671,0,13.1915129289657,14.2342648708681,14.9604109429678,16.4503888747841,16.8823606388467,16.9980423999765,0,0,FALSE,14.7125002748261,18.0880286289037,15.6232983891224,13.9119945114092,12.8062122602088,12.7372324619057,12.3632886278137,15.502561142656,12.7385319274636,9.1668428532479,10.2006417945379,10.7781826331015,10.8939549509797,10.6985065670815,9.51172001765524
"194",2004-09-13,1605,0,11.8741390845613,13.1915129289657,14.2342648708681,14.9604109429678,16.4503888747841,16.8823606388467,0,0,FALSE,16.9980423999765,14.7125002748261,18.0880286289037,15.6232983891224,13.9119945114092,12.8062122602088,12.7372324619057,12.3632886278137,15.502561142656,12.7385319274636,9.1668428532479,10.2006417945379,10.7781826331015,10.8939549509797,10.6985065670815
"195",2004-09-20,1520,0,11.5146971640833,11.8741390845613,13.1915129289657,14.2342648708681,14.9604109429678,16.4503888747841,0,0,FALSE,16.8823606388467,16.9980423999765,14.7125002748261,18.0880286289037,15.6232983891224,13.9119945114092,12.8062122602088,12.7372324619057,12.3632886278137,15.502561142656,12.7385319274636,9.1668428532479,10.2006417945379,10.7781826331015,10.8939549509797
"196",2004-09-27,1240,0,12.7224408515635,11.5146971640833,11.8741390845613,13.1915129289657,14.2342648708681,14.9604109429678,0,0,FALSE,16.4503888747841,16.8823606388467,16.9980423999765,14.7125002748261,18.0880286289037,15.6232983891224,13.9119945114092,12.8062122602088,12.7372324619057,12.3632886278137,15.502561142656,12.7385319274636,9.1668428532479,10.2006417945379,10.7781826331015
"197",2004-10-04,1252,0,11.8673357833279,12.7224408515635,11.5146971640833,11.8741390845613,13.1915129289657,14.2342648708681,0,0,FALSE,14.9604109429678,16.4503888747841,16.8823606388467,16.9980423999765,14.7125002748261,18.0880286289037,15.6232983891224,13.9119945114092,12.8062122602088,12.7372324619057,12.3632886278137,15.502561142656,12.7385319274636,9.1668428532479,10.2006417945379
"198",2004-10-11,1297,0,8.37661297268924,11.8673357833279,12.7224408515635,11.5146971640833,11.8741390845613,13.1915129289657,0,0,FALSE,14.2342648708681,14.9604109429678,16.4503888747841,16.8823606388467,16.9980423999765,14.7125002748261,18.0880286289037,15.6232983891224,13.9119945114092,12.8062122602088,12.7372324619057,12.3632886278137,15.502561142656,12.7385319274636,9.1668428532479
"199",2004-10-18,1078,0,11.3177043861095,8.37661297268924,11.8673357833279,12.7224408515635,11.5146971640833,11.8741390845613,0,0,FALSE,13.1915129289657,14.2342648708681,14.9604109429678,16.4503888747841,16.8823606388467,16.9980423999765,14.7125002748261,18.0880286289037,15.6232983891224,13.9119945114092,12.8062122602088,12.7372324619057,12.3632886278137,15.502561142656,12.7385319274636
"200",2004-10-25,1097,0,11.5105204130656,11.3177043861095,8.37661297268924,11.8673357833279,12.7224408515635,11.5146971640833,0,0,FALSE,11.8741390845613,13.1915129289657,14.2342648708681,14.9604109429678,16.4503888747841,16.8823606388467,16.9980423999765,14.7125002748261,18.0880286289037,15.6232983891224,13.9119945114092,12.8062122602088,12.7372324619057,12.3632886278137,15.502561142656
"201",2004-11-01,1078,0,10.0830639256712,11.5105204130656,11.3177043861095,8.37661297268924,11.8673357833279,12.7224408515635,0,0,FALSE,11.5146971640833,11.8741390845613,13.1915129289657,14.2342648708681,14.9604109429678,16.4503888747841,16.8823606388467,16.9980423999765,14.7125002748261,18.0880286289037,15.6232983891224,13.9119945114092,12.8062122602088,12.7372324619057,12.3632886278137
"202",2004-11-08,1176,0,6.8318306664177,10.0830639256712,11.5105204130656,11.3177043861095,8.37661297268924,11.8673357833279,0,0,FALSE,12.7224408515635,11.5146971640833,11.8741390845613,13.1915129289657,14.2342648708681,14.9604109429678,16.4503888747841,16.8823606388467,16.9980423999765,14.7125002748261,18.0880286289037,15.6232983891224,13.9119945114092,12.8062122602088,12.7372324619057
"203",2004-11-15,1038,0,7.18405413469374,6.8318306664177,10.0830639256712,11.5105204130656,11.3177043861095,8.37661297268924,0,0,FALSE,11.8673357833279,12.7224408515635,11.5146971640833,11.8741390845613,13.1915129289657,14.2342648708681,14.9604109429678,16.4503888747841,16.8823606388467,16.9980423999765,14.7125002748261,18.0880286289037,15.6232983891224,13.9119945114092,12.8062122602088
"204",2004-11-22,1109,0,7.19210207644236,7.18405413469374,6.8318306664177,10.0830639256712,11.5105204130656,11.3177043861095,0,0,FALSE,8.37661297268924,11.8673357833279,12.7224408515635,11.5146971640833,11.8741390845613,13.1915129289657,14.2342648708681,14.9604109429678,16.4503888747841,16.8823606388467,16.9980423999765,14.7125002748261,18.0880286289037,15.6232983891224,13.9119945114092
"205",2004-11-29,1105,0,7.2141596518998,7.19210207644236,7.18405413469374,6.8318306664177,10.0830639256712,11.5105204130656,0,0,FALSE,11.3177043861095,8.37661297268924,11.8673357833279,12.7224408515635,11.5146971640833,11.8741390845613,13.1915129289657,14.2342648708681,14.9604109429678,16.4503888747841,16.8823606388467,16.9980423999765,14.7125002748261,18.0880286289037,15.6232983891224
"206",2004-12-06,1015,0,6.24334699302541,7.2141596518998,7.19210207644236,7.18405413469374,6.8318306664177,10.0830639256712,0,0,FALSE,11.5105204130656,11.3177043861095,8.37661297268924,11.8673357833279,12.7224408515635,11.5146971640833,11.8741390845613,13.1915129289657,14.2342648708681,14.9604109429678,16.4503888747841,16.8823606388467,16.9980423999765,14.7125002748261,18.0880286289037
"207",2004-12-13,1057,0,5.78266750866472,6.24334699302541,7.2141596518998,7.19210207644236,7.18405413469374,6.8318306664177,0,0,FALSE,10.0830639256712,11.5105204130656,11.3177043861095,8.37661297268924,11.8673357833279,12.7224408515635,11.5146971640833,11.8741390845613,13.1915129289657,14.2342648708681,14.9604109429678,16.4503888747841,16.8823606388467,16.9980423999765,14.7125002748261
"208",2004-12-20,876,0,6.14210106218955,5.78266750866472,6.24334699302541,7.2141596518998,7.19210207644236,7.18405413469374,0,1,FALSE,6.8318306664177,10.0830639256712,11.5105204130656,11.3177043861095,8.37661297268924,11.8673357833279,12.7224408515635,11.5146971640833,11.8741390845613,13.1915129289657,14.2342648708681,14.9604109429678,16.4503888747841,16.8823606388467,16.9980423999765
"209",2004-12-27,451,0,6.68554544879637,6.14210106218955,5.78266750866472,6.24334699302541,7.2141596518998,7.19210207644236,0,1,FALSE,7.18405413469374,6.8318306664177,10.0830639256712,11.5105204130656,11.3177043861095,8.37661297268924,11.8673357833279,12.7224408515635,11.5146971640833,11.8741390845613,13.1915129289657,14.2342648708681,14.9604109429678,16.4503888747841,16.8823606388467
"210",2005-01-03,787,0,7.58400420006831,6.68554544879637,6.14210106218955,5.78266750866472,6.24334699302541,7.2141596518998,1,0,FALSE,7.19210207644236,7.18405413469374,6.8318306664177,10.0830639256712,11.5105204130656,11.3177043861095,8.37661297268924,11.8673357833279,12.7224408515635,11.5146971640833,11.8741390845613,13.1915129289657,14.2342648708681,14.9604109429678,16.4503888747841
"211",2005-01-10,1298,0,6.94783778264551,7.58400420006831,6.68554544879637,6.14210106218955,5.78266750866472,6.24334699302541,1,0,FALSE,7.2141596518998,7.19210207644236,7.18405413469374,6.8318306664177,10.0830639256712,11.5105204130656,11.3177043861095,8.37661297268924,11.8673357833279,12.7224408515635,11.5146971640833,11.8741390845613,13.1915129289657,14.2342648708681,14.9604109429678
"212",2005-01-17,1024,0,6.27978349269002,6.94783778264551,7.58400420006831,6.68554544879637,6.14210106218955,5.78266750866472,0,0,FALSE,6.24334699302541,7.2141596518998,7.19210207644236,7.18405413469374,6.8318306664177,10.0830639256712,11.5105204130656,11.3177043861095,8.37661297268924,11.8673357833279,12.7224408515635,11.5146971640833,11.8741390845613,13.1915129289657,14.2342648708681
"213",2005-01-24,896,0,4.16082810579611,6.27978349269002,6.94783778264551,7.58400420006831,6.68554544879637,6.14210106218955,0,0,FALSE,5.78266750866472,6.24334699302541,7.2141596518998,7.19210207644236,7.18405413469374,6.8318306664177,10.0830639256712,11.5105204130656,11.3177043861095,8.37661297268924,11.8673357833279,12.7224408515635,11.5146971640833,11.8741390845613,13.1915129289657
"214",2005-01-31,873,0,5.67403663395554,4.16082810579611,6.27978349269002,6.94783778264551,7.58400420006831,6.68554544879637,0,0,FALSE,6.14210106218955,5.78266750866472,6.24334699302541,7.2141596518998,7.19210207644236,7.18405413469374,6.8318306664177,10.0830639256712,11.5105204130656,11.3177043861095,8.37661297268924,11.8673357833279,12.7224408515635,11.5146971640833,11.8741390845613
"215",2005-02-07,809,0,5.89176762887589,5.67403663395554,4.16082810579611,6.27978349269002,6.94783778264551,7.58400420006831,0,0,FALSE,6.68554544879637,6.14210106218955,5.78266750866472,6.24334699302541,7.2141596518998,7.19210207644236,7.18405413469374,6.8318306664177,10.0830639256712,11.5105204130656,11.3177043861095,8.37661297268924,11.8673357833279,12.7224408515635,11.5146971640833
"216",2005-02-14,726,0,4.90106770527087,5.89176762887589,5.67403663395554,4.16082810579611,6.27978349269002,6.94783778264551,0,0,FALSE,7.58400420006831,6.68554544879637,6.14210106218955,5.78266750866472,6.24334699302541,7.2141596518998,7.19210207644236,7.18405413469374,6.8318306664177,10.0830639256712,11.5105204130656,11.3177043861095,8.37661297268924,11.8673357833279,12.7224408515635
"217",2005-02-21,771,0,4.38522284146908,4.90106770527087,5.89176762887589,5.67403663395554,4.16082810579611,6.27978349269002,0,0,FALSE,6.94783778264551,7.58400420006831,6.68554544879637,6.14210106218955,5.78266750866472,6.24334699302541,7.2141596518998,7.19210207644236,7.18405413469374,6.8318306664177,10.0830639256712,11.5105204130656,11.3177043861095,8.37661297268924,11.8673357833279
"218",2005-02-28,817,0,3.29759745469715,4.38522284146908,4.90106770527087,5.89176762887589,5.67403663395554,4.16082810579611,0,0,FALSE,6.27978349269002,6.94783778264551,7.58400420006831,6.68554544879637,6.14210106218955,5.78266750866472,6.24334699302541,7.2141596518998,7.19210207644236,7.18405413469374,6.8318306664177,10.0830639256712,11.5105204130656,11.3177043861095,8.37661297268924
"219",2005-03-07,753,0,5.33595735162477,3.29759745469715,4.38522284146908,4.90106770527087,5.89176762887589,5.67403663395554,0,0,FALSE,4.16082810579611,6.27978349269002,6.94783778264551,7.58400420006831,6.68554544879637,6.14210106218955,5.78266750866472,6.24334699302541,7.2141596518998,7.19210207644236,7.18405413469374,6.8318306664177,10.0830639256712,11.5105204130656,11.3177043861095
"220",2005-03-14,669,0,7.9248599719158,5.33595735162477,3.29759745469715,4.38522284146908,4.90106770527087,5.89176762887589,0,0,FALSE,5.67403663395554,4.16082810579611,6.27978349269002,6.94783778264551,7.58400420006831,6.68554544879637,6.14210106218955,5.78266750866472,6.24334699302541,7.2141596518998,7.19210207644236,7.18405413469374,6.8318306664177,10.0830639256712,11.5105204130656
"221",2005-03-21,604,0,9.0460091692209,7.9248599719158,5.33595735162477,3.29759745469715,4.38522284146908,4.90106770527087,0,0,FALSE,5.89176762887589,5.67403663395554,4.16082810579611,6.27978349269002,6.94783778264551,7.58400420006831,6.68554544879637,6.14210106218955,5.78266750866472,6.24334699302541,7.2141596518998,7.19210207644236,7.18405413469374,6.8318306664177,10.0830639256712
"222",2005-03-28,528,0,7.26186085221791,9.0460091692209,7.9248599719158,5.33595735162477,3.29759745469715,4.38522284146908,0,0,FALSE,4.90106770527087,5.89176762887589,5.67403663395554,4.16082810579611,6.27978349269002,6.94783778264551,7.58400420006831,6.68554544879637,6.14210106218955,5.78266750866472,6.24334699302541,7.2141596518998,7.19210207644236,7.18405413469374,6.8318306664177
"223",2005-04-04,750,0,7.96466505924639,7.26186085221791,9.0460091692209,7.9248599719158,5.33595735162477,3.29759745469715,0,0,FALSE,4.38522284146908,4.90106770527087,5.89176762887589,5.67403663395554,4.16082810579611,6.27978349269002,6.94783778264551,7.58400420006831,6.68554544879637,6.14210106218955,5.78266750866472,6.24334699302541,7.2141596518998,7.19210207644236,7.18405413469374
"224",2005-04-11,1031,0,9.68233179827007,7.96466505924639,7.26186085221791,9.0460091692209,7.9248599719158,5.33595735162477,0,0,FALSE,3.29759745469715,4.38522284146908,4.90106770527087,5.89176762887589,5.67403663395554,4.16082810579611,6.27978349269002,6.94783778264551,7.58400420006831,6.68554544879637,6.14210106218955,5.78266750866472,6.24334699302541,7.2141596518998,7.19210207644236
"225",2005-04-18,1078,0,7.73421361685606,9.68233179827007,7.96466505924639,7.26186085221791,9.0460091692209,7.9248599719158,0,0,FALSE,5.33595735162477,3.29759745469715,4.38522284146908,4.90106770527087,5.89176762887589,5.67403663395554,4.16082810579611,6.27978349269002,6.94783778264551,7.58400420006831,6.68554544879637,6.14210106218955,5.78266750866472,6.24334699302541,7.2141596518998
"226",2005-04-25,1090,0,10.9409383712841,7.73421361685606,9.68233179827007,7.96466505924639,7.26186085221791,9.0460091692209,0,0,FALSE,7.9248599719158,5.33595735162477,3.29759745469715,4.38522284146908,4.90106770527087,5.89176762887589,5.67403663395554,4.16082810579611,6.27978349269002,6.94783778264551,7.58400420006831,6.68554544879637,6.14210106218955,5.78266750866472,6.24334699302541
"227",2005-05-02,896,0,11.0219640349114,10.9409383712841,7.73421361685606,9.68233179827007,7.96466505924639,7.26186085221791,0,0,FALSE,9.0460091692209,7.9248599719158,5.33595735162477,3.29759745469715,4.38522284146908,4.90106770527087,5.89176762887589,5.67403663395554,4.16082810579611,6.27978349269002,6.94783778264551,7.58400420006831,6.68554544879637,6.14210106218955,5.78266750866472
"228",2005-05-09,1067,0,8.79629993267424,11.0219640349114,10.9409383712841,7.73421361685606,9.68233179827007,7.96466505924639,0,0,FALSE,7.26186085221791,9.0460091692209,7.9248599719158,5.33595735162477,3.29759745469715,4.38522284146908,4.90106770527087,5.89176762887589,5.67403663395554,4.16082810579611,6.27978349269002,6.94783778264551,7.58400420006831,6.68554544879637,6.14210106218955
"229",2005-05-16,1006,0,10.628034138602,8.79629993267424,11.0219640349114,10.9409383712841,7.73421361685606,9.68233179827007,0,0,FALSE,7.96466505924639,7.26186085221791,9.0460091692209,7.9248599719158,5.33595735162477,3.29759745469715,4.38522284146908,4.90106770527087,5.89176762887589,5.67403663395554,4.16082810579611,6.27978349269002,6.94783778264551,7.58400420006831,6.68554544879637
"230",2005-05-23,1232,0,14.5322195726259,10.628034138602,8.79629993267424,11.0219640349114,10.9409383712841,7.73421361685606,0,0,FALSE,9.68233179827007,7.96466505924639,7.26186085221791,9.0460091692209,7.9248599719158,5.33595735162477,3.29759745469715,4.38522284146908,4.90106770527087,5.89176762887589,5.67403663395554,4.16082810579611,6.27978349269002,6.94783778264551,7.58400420006831
"231",2005-05-30,1485,0,12.2444489780218,14.5322195726259,10.628034138602,8.79629993267424,11.0219640349114,10.9409383712841,0,0,FALSE,7.73421361685606,9.68233179827007,7.96466505924639,7.26186085221791,9.0460091692209,7.9248599719158,5.33595735162477,3.29759745469715,4.38522284146908,4.90106770527087,5.89176762887589,5.67403663395554,4.16082810579611,6.27978349269002,6.94783778264551
"232",2005-06-06,1774,0,9.57698671586254,12.2444489780218,14.5322195726259,10.628034138602,8.79629993267424,11.0219640349114,0,0,FALSE,10.9409383712841,7.73421361685606,9.68233179827007,7.96466505924639,7.26186085221791,9.0460091692209,7.9248599719158,5.33595735162477,3.29759745469715,4.38522284146908,4.90106770527087,5.89176762887589,5.67403663395554,4.16082810579611,6.27978349269002
"233",2005-06-13,1676,0,14.1676210062856,9.57698671586254,12.2444489780218,14.5322195726259,10.628034138602,8.79629993267424,0,0,FALSE,11.0219640349114,10.9409383712841,7.73421361685606,9.68233179827007,7.96466505924639,7.26186085221791,9.0460091692209,7.9248599719158,5.33595735162477,3.29759745469715,4.38522284146908,4.90106770527087,5.89176762887589,5.67403663395554,4.16082810579611
"234",2005-06-20,1791,0,16.4766761129022,14.1676210062856,9.57698671586254,12.2444489780218,14.5322195726259,10.628034138602,0,0,FALSE,8.79629993267424,11.0219640349114,10.9409383712841,7.73421361685606,9.68233179827007,7.96466505924639,7.26186085221791,9.0460091692209,7.9248599719158,5.33595735162477,3.29759745469715,4.38522284146908,4.90106770527087,5.89176762887589,5.67403663395554
"235",2005-06-27,1826,0,15.9301817313241,16.4766761129022,14.1676210062856,9.57698671586254,12.2444489780218,14.5322195726259,0,0,FALSE,10.628034138602,8.79629993267424,11.0219640349114,10.9409383712841,7.73421361685606,9.68233179827007,7.96466505924639,7.26186085221791,9.0460091692209,7.9248599719158,5.33595735162477,3.29759745469715,4.38522284146908,4.90106770527087,5.89176762887589
"236",2005-07-04,1836,0,14.8185659573795,15.9301817313241,16.4766761129022,14.1676210062856,9.57698671586254,12.2444489780218,0,0,FALSE,14.5322195726259,10.628034138602,8.79629993267424,11.0219640349114,10.9409383712841,7.73421361685606,9.68233179827007,7.96466505924639,7.26186085221791,9.0460091692209,7.9248599719158,5.33595735162477,3.29759745469715,4.38522284146908,4.90106770527087
"237",2005-07-11,1866,0,16.3362516976834,14.8185659573795,15.9301817313241,16.4766761129022,14.1676210062856,9.57698671586254,0,0,FALSE,12.2444489780218,14.5322195726259,10.628034138602,8.79629993267424,11.0219640349114,10.9409383712841,7.73421361685606,9.68233179827007,7.96466505924639,7.26186085221791,9.0460091692209,7.9248599719158,5.33595735162477,3.29759745469715,4.38522284146908
"238",2005-07-18,1756,0,14.5138678002836,16.3362516976834,14.8185659573795,15.9301817313241,16.4766761129022,14.1676210062856,0,0,FALSE,9.57698671586254,12.2444489780218,14.5322195726259,10.628034138602,8.79629993267424,11.0219640349114,10.9409383712841,7.73421361685606,9.68233179827007,7.96466505924639,7.26186085221791,9.0460091692209,7.9248599719158,5.33595735162477,3.29759745469715
"239",2005-07-25,1790,0,18.2711235475628,14.5138678002836,16.3362516976834,14.8185659573795,15.9301817313241,16.4766761129022,0,0,FALSE,14.1676210062856,9.57698671586254,12.2444489780218,14.5322195726259,10.628034138602,8.79629993267424,11.0219640349114,10.9409383712841,7.73421361685606,9.68233179827007,7.96466505924639,7.26186085221791,9.0460091692209,7.9248599719158,5.33595735162477
"240",2005-08-01,1683,0,13.6541427182125,18.2711235475628,14.5138678002836,16.3362516976834,14.8185659573795,15.9301817313241,0,0,FALSE,16.4766761129022,14.1676210062856,9.57698671586254,12.2444489780218,14.5322195726259,10.628034138602,8.79629993267424,11.0219640349114,10.9409383712841,7.73421361685606,9.68233179827007,7.96466505924639,7.26186085221791,9.0460091692209,7.9248599719158
"241",2005-08-08,1724,0,13.2479510160488,13.6541427182125,18.2711235475628,14.5138678002836,16.3362516976834,14.8185659573795,0,0,FALSE,15.9301817313241,16.4766761129022,14.1676210062856,9.57698671586254,12.2444489780218,14.5322195726259,10.628034138602,8.79629993267424,11.0219640349114,10.9409383712841,7.73421361685606,9.68233179827007,7.96466505924639,7.26186085221791,9.0460091692209
"242",2005-08-15,1628,0,16.1374689246256,13.2479510160488,13.6541427182125,18.2711235475628,14.5138678002836,16.3362516976834,0,0,FALSE,14.8185659573795,15.9301817313241,16.4766761129022,14.1676210062856,9.57698671586254,12.2444489780218,14.5322195726259,10.628034138602,8.79629993267424,11.0219640349114,10.9409383712841,7.73421361685606,9.68233179827007,7.96466505924639,7.26186085221791
"243",2005-08-22,1751,0,14.7782110974781,16.1374689246256,13.2479510160488,13.6541427182125,18.2711235475628,14.5138678002836,0,0,FALSE,16.3362516976834,14.8185659573795,15.9301817313241,16.4766761129022,14.1676210062856,9.57698671586254,12.2444489780218,14.5322195726259,10.628034138602,8.79629993267424,11.0219640349114,10.9409383712841,7.73421361685606,9.68233179827007,7.96466505924639
"244",2005-08-29,1730,0,16.3516132529582,14.7782110974781,16.1374689246256,13.2479510160488,13.6541427182125,18.2711235475628,0,0,FALSE,14.5138678002836,16.3362516976834,14.8185659573795,15.9301817313241,16.4766761129022,14.1676210062856,9.57698671586254,12.2444489780218,14.5322195726259,10.628034138602,8.79629993267424,11.0219640349114,10.9409383712841,7.73421361685606,9.68233179827007
"245",2005-09-05,1786,0,16.5011580676156,16.3516132529582,14.7782110974781,16.1374689246256,13.2479510160488,13.6541427182125,0,0,FALSE,18.2711235475628,14.5138678002836,16.3362516976834,14.8185659573795,15.9301817313241,16.4766761129022,14.1676210062856,9.57698671586254,12.2444489780218,14.5322195726259,10.628034138602,8.79629993267424,11.0219640349114,10.9409383712841,7.73421361685606
"246",2005-09-12,1729,0,13.3363561377835,16.5011580676156,16.3516132529582,14.7782110974781,16.1374689246256,13.2479510160488,0,0,FALSE,13.6541427182125,18.2711235475628,14.5138678002836,16.3362516976834,14.8185659573795,15.9301817313241,16.4766761129022,14.1676210062856,9.57698671586254,12.2444489780218,14.5322195726259,10.628034138602,8.79629993267424,11.0219640349114,10.9409383712841
"247",2005-09-19,1509,0,11.8916445457207,13.3363561377835,16.5011580676156,16.3516132529582,14.7782110974781,16.1374689246256,0,0,FALSE,13.2479510160488,13.6541427182125,18.2711235475628,14.5138678002836,16.3362516976834,14.8185659573795,15.9301817313241,16.4766761129022,14.1676210062856,9.57698671586254,12.2444489780218,14.5322195726259,10.628034138602,8.79629993267424,11.0219640349114
"248",2005-09-26,1291,0,12.4466846398002,11.8916445457207,13.3363561377835,16.5011580676156,16.3516132529582,14.7782110974781,0,0,FALSE,16.1374689246256,13.2479510160488,13.6541427182125,18.2711235475628,14.5138678002836,16.3362516976834,14.8185659573795,15.9301817313241,16.4766761129022,14.1676210062856,9.57698671586254,12.2444489780218,14.5322195726259,10.628034138602,8.79629993267424
"249",2005-10-03,1013,0,12.9237624835936,12.4466846398002,11.8916445457207,13.3363561377835,16.5011580676156,16.3516132529582,0,0,FALSE,14.7782110974781,16.1374689246256,13.2479510160488,13.6541427182125,18.2711235475628,14.5138678002836,16.3362516976834,14.8185659573795,15.9301817313241,16.4766761129022,14.1676210062856,9.57698671586254,12.2444489780218,14.5322195726259,10.628034138602
"250",2005-10-10,1368,0,10.5470108023469,12.9237624835936,12.4466846398002,11.8916445457207,13.3363561377835,16.5011580676156,0,0,FALSE,16.3516132529582,14.7782110974781,16.1374689246256,13.2479510160488,13.6541427182125,18.2711235475628,14.5138678002836,16.3362516976834,14.8185659573795,15.9301817313241,16.4766761129022,14.1676210062856,9.57698671586254,12.2444489780218,14.5322195726259
"251",2005-10-17,1291,0,10.3494277062794,10.5470108023469,12.9237624835936,12.4466846398002,11.8916445457207,13.3363561377835,0,0,FALSE,16.5011580676156,16.3516132529582,14.7782110974781,16.1374689246256,13.2479510160488,13.6541427182125,18.2711235475628,14.5138678002836,16.3362516976834,14.8185659573795,15.9301817313241,16.4766761129022,14.1676210062856,9.57698671586254,12.2444489780218
"252",2005-10-24,1251,0,12.0631976147327,10.3494277062794,10.5470108023469,12.9237624835936,12.4466846398002,11.8916445457207,0,0,FALSE,13.3363561377835,16.5011580676156,16.3516132529582,14.7782110974781,16.1374689246256,13.2479510160488,13.6541427182125,18.2711235475628,14.5138678002836,16.3362516976834,14.8185659573795,15.9301817313241,16.4766761129022,14.1676210062856,9.57698671586254
"253",2005-10-31,991,0,10.9325029932697,12.0631976147327,10.3494277062794,10.5470108023469,12.9237624835936,12.4466846398002,0,0,FALSE,11.8916445457207,13.3363561377835,16.5011580676156,16.3516132529582,14.7782110974781,16.1374689246256,13.2479510160488,13.6541427182125,18.2711235475628,14.5138678002836,16.3362516976834,14.8185659573795,15.9301817313241,16.4766761129022,14.1676210062856
"254",2005-11-07,1054,0,9.25657750882889,10.9325029932697,12.0631976147327,10.3494277062794,10.5470108023469,12.9237624835936,0,0,FALSE,12.4466846398002,11.8916445457207,13.3363561377835,16.5011580676156,16.3516132529582,14.7782110974781,16.1374689246256,13.2479510160488,13.6541427182125,18.2711235475628,14.5138678002836,16.3362516976834,14.8185659573795,15.9301817313241,16.4766761129022
"255",2005-11-14,1051,0,6.83510192948861,9.25657750882889,10.9325029932697,12.0631976147327,10.3494277062794,10.5470108023469,0,0,FALSE,12.9237624835936,12.4466846398002,11.8916445457207,13.3363561377835,16.5011580676156,16.3516132529582,14.7782110974781,16.1374689246256,13.2479510160488,13.6541427182125,18.2711235475628,14.5138678002836,16.3362516976834,14.8185659573795,15.9301817313241
"256",2005-11-21,921,0,5.46964548326206,6.83510192948861,9.25657750882889,10.9325029932697,12.0631976147327,10.3494277062794,0,0,FALSE,10.5470108023469,12.9237624835936,12.4466846398002,11.8916445457207,13.3363561377835,16.5011580676156,16.3516132529582,14.7782110974781,16.1374689246256,13.2479510160488,13.6541427182125,18.2711235475628,14.5138678002836,16.3362516976834,14.8185659573795
"257",2005-11-28,839,0,5.77658446444727,5.46964548326206,6.83510192948861,9.25657750882889,10.9325029932697,12.0631976147327,0,0,FALSE,10.3494277062794,10.5470108023469,12.9237624835936,12.4466846398002,11.8916445457207,13.3363561377835,16.5011580676156,16.3516132529582,14.7782110974781,16.1374689246256,13.2479510160488,13.6541427182125,18.2711235475628,14.5138678002836,16.3362516976834
"258",2005-12-05,806,0,6.60984330226693,5.77658446444727,5.46964548326206,6.83510192948861,9.25657750882889,10.9325029932697,0,0,FALSE,12.0631976147327,10.3494277062794,10.5470108023469,12.9237624835936,12.4466846398002,11.8916445457207,13.3363561377835,16.5011580676156,16.3516132529582,14.7782110974781,16.1374689246256,13.2479510160488,13.6541427182125,18.2711235475628,14.5138678002836
"259",2005-12-12,864,0,6.51451425404968,6.60984330226693,5.77658446444727,5.46964548326206,6.83510192948861,9.25657750882889,0,0,FALSE,10.9325029932697,12.0631976147327,10.3494277062794,10.5470108023469,12.9237624835936,12.4466846398002,11.8916445457207,13.3363561377835,16.5011580676156,16.3516132529582,14.7782110974781,16.1374689246256,13.2479510160488,13.6541427182125,18.2711235475628
"260",2005-12-19,833,0,6.874437294527,6.51451425404968,6.60984330226693,5.77658446444727,5.46964548326206,6.83510192948861,0,1,FALSE,9.25657750882889,10.9325029932697,12.0631976147327,10.3494277062794,10.5470108023469,12.9237624835936,12.4466846398002,11.8916445457207,13.3363561377835,16.5011580676156,16.3516132529582,14.7782110974781,16.1374689246256,13.2479510160488,13.6541427182125
"261",2005-12-26,522,0,4.94989112885118,6.874437294527,6.51451425404968,6.60984330226693,5.77658446444727,5.46964548326206,0,1,FALSE,6.83510192948861,9.25657750882889,10.9325029932697,12.0631976147327,10.3494277062794,10.5470108023469,12.9237624835936,12.4466846398002,11.8916445457207,13.3363561377835,16.5011580676156,16.3516132529582,14.7782110974781,16.1374689246256,13.2479510160488
"262",2006-01-02,714,0,5.43573686013299,4.94989112885118,6.874437294527,6.51451425404968,6.60984330226693,5.77658446444727,1,0,FALSE,5.46964548326206,6.83510192948861,9.25657750882889,10.9325029932697,12.0631976147327,10.3494277062794,10.5470108023469,12.9237624835936,12.4466846398002,11.8916445457207,13.3363561377835,16.5011580676156,16.3516132529582,14.7782110974781,16.1374689246256
"263",2006-01-09,1234,0,4.44842583244183,5.43573686013299,4.94989112885118,6.874437294527,6.51451425404968,6.60984330226693,1,0,FALSE,5.77658446444727,5.46964548326206,6.83510192948861,9.25657750882889,10.9325029932697,12.0631976147327,10.3494277062794,10.5470108023469,12.9237624835936,12.4466846398002,11.8916445457207,13.3363561377835,16.5011580676156,16.3516132529582,14.7782110974781
"264",2006-01-16,1042,0,5.30700975637775,4.44842583244183,5.43573686013299,4.94989112885118,6.874437294527,6.51451425404968,0,0,FALSE,6.60984330226693,5.77658446444727,5.46964548326206,6.83510192948861,9.25657750882889,10.9325029932697,12.0631976147327,10.3494277062794,10.5470108023469,12.9237624835936,12.4466846398002,11.8916445457207,13.3363561377835,16.5011580676156,16.3516132529582
"265",2006-01-23,738,0,3.02732080549867,5.30700975637775,4.44842583244183,5.43573686013299,4.94989112885118,6.874437294527,0,0,FALSE,6.51451425404968,6.60984330226693,5.77658446444727,5.46964548326206,6.83510192948861,9.25657750882889,10.9325029932697,12.0631976147327,10.3494277062794,10.5470108023469,12.9237624835936,12.4466846398002,11.8916445457207,13.3363561377835,16.5011580676156
"266",2006-01-30,756,0,4.43959184908459,3.02732080549867,5.30700975637775,4.44842583244183,5.43573686013299,4.94989112885118,0,0,FALSE,6.874437294527,6.51451425404968,6.60984330226693,5.77658446444727,5.46964548326206,6.83510192948861,9.25657750882889,10.9325029932697,12.0631976147327,10.3494277062794,10.5470108023469,12.9237624835936,12.4466846398002,11.8916445457207,13.3363561377835
"267",2006-02-06,701,0,5.6907996372096,4.43959184908459,3.02732080549867,5.30700975637775,4.44842583244183,5.43573686013299,0,0,FALSE,4.94989112885118,6.874437294527,6.51451425404968,6.60984330226693,5.77658446444727,5.46964548326206,6.83510192948861,9.25657750882889,10.9325029932697,12.0631976147327,10.3494277062794,10.5470108023469,12.9237624835936,12.4466846398002,11.8916445457207
"268",2006-02-13,712,0,6.42176803546764,5.6907996372096,4.43959184908459,3.02732080549867,5.30700975637775,4.44842583244183,0,0,FALSE,5.43573686013299,4.94989112885118,6.874437294527,6.51451425404968,6.60984330226693,5.77658446444727,5.46964548326206,6.83510192948861,9.25657750882889,10.9325029932697,12.0631976147327,10.3494277062794,10.5470108023469,12.9237624835936,12.4466846398002
"269",2006-02-20,655,0,5.12022576473356,6.42176803546764,5.6907996372096,4.43959184908459,3.02732080549867,5.30700975637775,0,0,FALSE,4.44842583244183,5.43573686013299,4.94989112885118,6.874437294527,6.51451425404968,6.60984330226693,5.77658446444727,5.46964548326206,6.83510192948861,9.25657750882889,10.9325029932697,12.0631976147327,10.3494277062794,10.5470108023469,12.9237624835936
"270",2006-02-27,637,0,4.60055193808728,5.12022576473356,6.42176803546764,5.6907996372096,4.43959184908459,3.02732080549867,0,0,FALSE,5.30700975637775,4.44842583244183,5.43573686013299,4.94989112885118,6.874437294527,6.51451425404968,6.60984330226693,5.77658446444727,5.46964548326206,6.83510192948861,9.25657750882889,10.9325029932697,12.0631976147327,10.3494277062794,10.5470108023469
"271",2006-03-06,618,0,5.12673969590094,4.60055193808728,5.12022576473356,6.42176803546764,5.6907996372096,4.43959184908459,0,0,FALSE,3.02732080549867,5.30700975637775,4.44842583244183,5.43573686013299,4.94989112885118,6.874437294527,6.51451425404968,6.60984330226693,5.77658446444727,5.46964548326206,6.83510192948861,9.25657750882889,10.9325029932697,12.0631976147327,10.3494277062794
"272",2006-03-13,631,0,4.56330853143094,5.12673969590094,4.60055193808728,5.12022576473356,6.42176803546764,5.6907996372096,0,0,FALSE,4.43959184908459,3.02732080549867,5.30700975637775,4.44842583244183,5.43573686013299,4.94989112885118,6.874437294527,6.51451425404968,6.60984330226693,5.77658446444727,5.46964548326206,6.83510192948861,9.25657750882889,10.9325029932697,12.0631976147327
"273",2006-03-20,633,0,6.63454943173119,4.56330853143094,5.12673969590094,4.60055193808728,5.12022576473356,6.42176803546764,0,0,FALSE,5.6907996372096,4.43959184908459,3.02732080549867,5.30700975637775,4.44842583244183,5.43573686013299,4.94989112885118,6.874437294527,6.51451425404968,6.60984330226693,5.77658446444727,5.46964548326206,6.83510192948861,9.25657750882889,10.9325029932697
"274",2006-03-27,539,0,9.87837518906138,6.63454943173119,4.56330853143094,5.12673969590094,4.60055193808728,5.12022576473356,0,0,FALSE,6.42176803546764,5.6907996372096,4.43959184908459,3.02732080549867,5.30700975637775,4.44842583244183,5.43573686013299,4.94989112885118,6.874437294527,6.51451425404968,6.60984330226693,5.77658446444727,5.46964548326206,6.83510192948861,9.25657750882889
"275",2006-04-03,560,0,6.53026509209243,9.87837518906138,6.63454943173119,4.56330853143094,5.12673969590094,4.60055193808728,0,0,FALSE,5.12022576473356,6.42176803546764,5.6907996372096,4.43959184908459,3.02732080549867,5.30700975637775,4.44842583244183,5.43573686013299,4.94989112885118,6.874437294527,6.51451425404968,6.60984330226693,5.77658446444727,5.46964548326206,6.83510192948861
"276",2006-04-10,463,0,8.04887743925584,6.53026509209243,9.87837518906138,6.63454943173119,4.56330853143094,5.12673969590094,0,0,FALSE,4.60055193808728,5.12022576473356,6.42176803546764,5.6907996372096,4.43959184908459,3.02732080549867,5.30700975637775,4.44842583244183,5.43573686013299,4.94989112885118,6.874437294527,6.51451425404968,6.60984330226693,5.77658446444727,5.46964548326206
"277",2006-04-17,454,0,9.40142067825053,8.04887743925584,6.53026509209243,9.87837518906138,6.63454943173119,4.56330853143094,0,0,FALSE,5.12673969590094,4.60055193808728,5.12022576473356,6.42176803546764,5.6907996372096,4.43959184908459,3.02732080549867,5.30700975637775,4.44842583244183,5.43573686013299,4.94989112885118,6.874437294527,6.51451425404968,6.60984330226693,5.77658446444727
"278",2006-04-24,676,0,9.96646527016186,9.40142067825053,8.04887743925584,6.53026509209243,9.87837518906138,6.63454943173119,0,0,FALSE,4.56330853143094,5.12673969590094,4.60055193808728,5.12022576473356,6.42176803546764,5.6907996372096,4.43959184908459,3.02732080549867,5.30700975637775,4.44842583244183,5.43573686013299,4.94989112885118,6.874437294527,6.51451425404968,6.60984330226693
"279",2006-05-01,646,0,9.53737410116371,9.96646527016186,9.40142067825053,8.04887743925584,6.53026509209243,9.87837518906138,0,0,FALSE,6.63454943173119,4.56330853143094,5.12673969590094,4.60055193808728,5.12022576473356,6.42176803546764,5.6907996372096,4.43959184908459,3.02732080549867,5.30700975637775,4.44842583244183,5.43573686013299,4.94989112885118,6.874437294527,6.51451425404968
"280",2006-05-08,757,0,10.270334207726,9.53737410116371,9.96646527016186,9.40142067825053,8.04887743925584,6.53026509209243,0,0,FALSE,9.87837518906138,6.63454943173119,4.56330853143094,5.12673969590094,4.60055193808728,5.12022576473356,6.42176803546764,5.6907996372096,4.43959184908459,3.02732080549867,5.30700975637775,4.44842583244183,5.43573686013299,4.94989112885118,6.874437294527
"281",2006-05-15,871,0,12.319818292826,10.270334207726,9.53737410116371,9.96646527016186,9.40142067825053,8.04887743925584,0,0,FALSE,6.53026509209243,9.87837518906138,6.63454943173119,4.56330853143094,5.12673969590094,4.60055193808728,5.12022576473356,6.42176803546764,5.6907996372096,4.43959184908459,3.02732080549867,5.30700975637775,4.44842583244183,5.43573686013299,4.94989112885118
"282",2006-05-22,721,0,11.4669235986542,12.319818292826,10.270334207726,9.53737410116371,9.96646527016186,9.40142067825053,0,0,FALSE,8.04887743925584,6.53026509209243,9.87837518906138,6.63454943173119,4.56330853143094,5.12673969590094,4.60055193808728,5.12022576473356,6.42176803546764,5.6907996372096,4.43959184908459,3.02732080549867,5.30700975637775,4.44842583244183,5.43573686013299
"283",2006-05-29,808,0,9.64380052097699,11.4669235986542,12.319818292826,10.270334207726,9.53737410116371,9.96646527016186,0,0,FALSE,9.40142067825053,8.04887743925584,6.53026509209243,9.87837518906138,6.63454943173119,4.56330853143094,5.12673969590094,4.60055193808728,5.12022576473356,6.42176803546764,5.6907996372096,4.43959184908459,3.02732080549867,5.30700975637775,4.44842583244183
"284",2006-06-05,903,0,11.0014781905944,9.64380052097699,11.4669235986542,12.319818292826,10.270334207726,9.53737410116371,0,0,FALSE,9.96646527016186,9.40142067825053,8.04887743925584,6.53026509209243,9.87837518906138,6.63454943173119,4.56330853143094,5.12673969590094,4.60055193808728,5.12022576473356,6.42176803546764,5.6907996372096,4.43959184908459,3.02732080549867,5.30700975637775
"285",2006-06-12,1065,0,15.381708479517,11.0014781905944,9.64380052097699,11.4669235986542,12.319818292826,10.270334207726,0,0,FALSE,9.53737410116371,9.96646527016186,9.40142067825053,8.04887743925584,6.53026509209243,9.87837518906138,6.63454943173119,4.56330853143094,5.12673969590094,4.60055193808728,5.12022576473356,6.42176803546764,5.6907996372096,4.43959184908459,3.02732080549867
"286",2006-06-19,1223,0,16.7129316241923,15.381708479517,11.0014781905944,9.64380052097699,11.4669235986542,12.319818292826,0,0,FALSE,10.270334207726,9.53737410116371,9.96646527016186,9.40142067825053,8.04887743925584,6.53026509209243,9.87837518906138,6.63454943173119,4.56330853143094,5.12673969590094,4.60055193808728,5.12022576473356,6.42176803546764,5.6907996372096,4.43959184908459
"287",2006-06-26,1310,0,15.6809193402398,16.7129316241923,15.381708479517,11.0014781905944,9.64380052097699,11.4669235986542,0,0,FALSE,12.319818292826,10.270334207726,9.53737410116371,9.96646527016186,9.40142067825053,8.04887743925584,6.53026509209243,9.87837518906138,6.63454943173119,4.56330853143094,5.12673969590094,4.60055193808728,5.12022576473356,6.42176803546764,5.6907996372096
"288",2006-07-03,1258,0,17.5733116884176,15.6809193402398,16.7129316241923,15.381708479517,11.0014781905944,9.64380052097699,0,0,FALSE,11.4669235986542,12.319818292826,10.270334207726,9.53737410116371,9.96646527016186,9.40142067825053,8.04887743925584,6.53026509209243,9.87837518906138,6.63454943173119,4.56330853143094,5.12673969590094,4.60055193808728,5.12022576473356,6.42176803546764
"289",2006-07-10,1352,0,16.4377283246047,17.5733116884176,15.6809193402398,16.7129316241923,15.381708479517,11.0014781905944,0,0,FALSE,9.64380052097699,11.4669235986542,12.319818292826,10.270334207726,9.53737410116371,9.96646527016186,9.40142067825053,8.04887743925584,6.53026509209243,9.87837518906138,6.63454943173119,4.56330853143094,5.12673969590094,4.60055193808728,5.12022576473356
"290",2006-07-17,1370,0,16.6526000804984,16.4377283246047,17.5733116884176,15.6809193402398,16.7129316241923,15.381708479517,0,0,FALSE,11.0014781905944,9.64380052097699,11.4669235986542,12.319818292826,10.270334207726,9.53737410116371,9.96646527016186,9.40142067825053,8.04887743925584,6.53026509209243,9.87837518906138,6.63454943173119,4.56330853143094,5.12673969590094,4.60055193808728
"291",2006-07-24,1367,0,18.9402696489668,16.6526000804984,16.4377283246047,17.5733116884176,15.6809193402398,16.7129316241923,0,0,FALSE,15.381708479517,11.0014781905944,9.64380052097699,11.4669235986542,12.319818292826,10.270334207726,9.53737410116371,9.96646527016186,9.40142067825053,8.04887743925584,6.53026509209243,9.87837518906138,6.63454943173119,4.56330853143094,5.12673969590094
"292",2006-07-31,1554,0,15.8278447228319,18.9402696489668,16.6526000804984,16.4377283246047,17.5733116884176,15.6809193402398,0,0,FALSE,16.7129316241923,15.381708479517,11.0014781905944,9.64380052097699,11.4669235986542,12.319818292826,10.270334207726,9.53737410116371,9.96646527016186,9.40142067825053,8.04887743925584,6.53026509209243,9.87837518906138,6.63454943173119,4.56330853143094
"293",2006-08-07,1492,0,14.0902500353372,15.8278447228319,18.9402696489668,16.6526000804984,16.4377283246047,17.5733116884176,0,0,FALSE,15.6809193402398,16.7129316241923,15.381708479517,11.0014781905944,9.64380052097699,11.4669235986542,12.319818292826,10.270334207726,9.53737410116371,9.96646527016186,9.40142067825053,8.04887743925584,6.53026509209243,9.87837518906138,6.63454943173119
"294",2006-08-14,1561,0,15.7846158344404,14.0902500353372,15.8278447228319,18.9402696489668,16.6526000804984,16.4377283246047,0,0,FALSE,17.5733116884176,15.6809193402398,16.7129316241923,15.381708479517,11.0014781905944,9.64380052097699,11.4669235986542,12.319818292826,10.270334207726,9.53737410116371,9.96646527016186,9.40142067825053,8.04887743925584,6.53026509209243,9.87837518906138
"295",2006-08-21,1590,0,14.8594429228815,15.7846158344404,14.0902500353372,15.8278447228319,18.9402696489668,16.6526000804984,0,0,FALSE,16.4377283246047,17.5733116884176,15.6809193402398,16.7129316241923,15.381708479517,11.0014781905944,9.64380052097699,11.4669235986542,12.319818292826,10.270334207726,9.53737410116371,9.96646527016186,9.40142067825053,8.04887743925584,6.53026509209243
"296",2006-08-28,1516,0,14.459055273956,14.8594429228815,15.7846158344404,14.0902500353372,15.8278447228319,18.9402696489668,0,0,FALSE,16.6526000804984,16.4377283246047,17.5733116884176,15.6809193402398,16.7129316241923,15.381708479517,11.0014781905944,9.64380052097699,11.4669235986542,12.319818292826,10.270334207726,9.53737410116371,9.96646527016186,9.40142067825053,8.04887743925584
"297",2006-09-04,1364,0,14.8245725627337,14.459055273956,14.8594429228815,15.7846158344404,14.0902500353372,15.8278447228319,0,0,FALSE,18.9402696489668,16.6526000804984,16.4377283246047,17.5733116884176,15.6809193402398,16.7129316241923,15.381708479517,11.0014781905944,9.64380052097699,11.4669235986542,12.319818292826,10.270334207726,9.53737410116371,9.96646527016186,9.40142067825053
"298",2006-09-11,1466,0,15.2505567209592,14.8245725627337,14.459055273956,14.8594429228815,15.7846158344404,14.0902500353372,0,0,FALSE,15.8278447228319,18.9402696489668,16.6526000804984,16.4377283246047,17.5733116884176,15.6809193402398,16.7129316241923,15.381708479517,11.0014781905944,9.64380052097699,11.4669235986542,12.319818292826,10.270334207726,9.53737410116371,9.96646527016186
"299",2006-09-18,1301,0,14.5035015908622,15.2505567209592,14.8245725627337,14.459055273956,14.8594429228815,15.7846158344404,0,0,FALSE,14.0902500353372,15.8278447228319,18.9402696489668,16.6526000804984,16.4377283246047,17.5733116884176,15.6809193402398,16.7129316241923,15.381708479517,11.0014781905944,9.64380052097699,11.4669235986542,12.319818292826,10.270334207726,9.53737410116371
"300",2006-09-25,1216,0,15.3246010609904,14.5035015908622,15.2505567209592,14.8245725627337,14.459055273956,14.8594429228815,0,0,FALSE,15.7846158344404,14.0902500353372,15.8278447228319,18.9402696489668,16.6526000804984,16.4377283246047,17.5733116884176,15.6809193402398,16.7129316241923,15.381708479517,11.0014781905944,9.64380052097699,11.4669235986542,12.319818292826,10.270334207726
"301",2006-10-02,978,0,12.6599357862885,15.3246010609904,14.5035015908622,15.2505567209592,14.8245725627337,14.459055273956,0,0,FALSE,14.8594429228815,15.7846158344404,14.0902500353372,15.8278447228319,18.9402696489668,16.6526000804984,16.4377283246047,17.5733116884176,15.6809193402398,16.7129316241923,15.381708479517,11.0014781905944,9.64380052097699,11.4669235986542,12.319818292826
"302",2006-10-09,1097,0,12.560541576318,12.6599357862885,15.3246010609904,14.5035015908622,15.2505567209592,14.8245725627337,0,0,FALSE,14.459055273956,14.8594429228815,15.7846158344404,14.0902500353372,15.8278447228319,18.9402696489668,16.6526000804984,16.4377283246047,17.5733116884176,15.6809193402398,16.7129316241923,15.381708479517,11.0014781905944,9.64380052097699,11.4669235986542
"303",2006-10-16,1133,0,11.2346729443696,12.560541576318,12.6599357862885,15.3246010609904,14.5035015908622,15.2505567209592,0,0,FALSE,14.8245725627337,14.459055273956,14.8594429228815,15.7846158344404,14.0902500353372,15.8278447228319,18.9402696489668,16.6526000804984,16.4377283246047,17.5733116884176,15.6809193402398,16.7129316241923,15.381708479517,11.0014781905944,9.64380052097699
"304",2006-10-23,1189,0,12.8785965443447,11.2346729443696,12.560541576318,12.6599357862885,15.3246010609904,14.5035015908622,0,0,FALSE,15.2505567209592,14.8245725627337,14.459055273956,14.8594429228815,15.7846158344404,14.0902500353372,15.8278447228319,18.9402696489668,16.6526000804984,16.4377283246047,17.5733116884176,15.6809193402398,16.7129316241923,15.381708479517,11.0014781905944
"305",2006-10-30,997,0,8.03249853314609,12.8785965443447,11.2346729443696,12.560541576318,12.6599357862885,15.3246010609904,0,0,FALSE,14.5035015908622,15.2505567209592,14.8245725627337,14.459055273956,14.8594429228815,15.7846158344404,14.0902500353372,15.8278447228319,18.9402696489668,16.6526000804984,16.4377283246047,17.5733116884176,15.6809193402398,16.7129316241923,15.381708479517
"306",2006-11-06,1095,0,8.46568533406484,8.03249853314609,12.8785965443447,11.2346729443696,12.560541576318,12.6599357862885,0,0,FALSE,15.3246010609904,14.5035015908622,15.2505567209592,14.8245725627337,14.459055273956,14.8594429228815,15.7846158344404,14.0902500353372,15.8278447228319,18.9402696489668,16.6526000804984,16.4377283246047,17.5733116884176,15.6809193402398,16.7129316241923
"307",2006-11-13,1131,0,10.5463902205395,8.46568533406484,8.03249853314609,12.8785965443447,11.2346729443696,12.560541576318,0,0,FALSE,12.6599357862885,15.3246010609904,14.5035015908622,15.2505567209592,14.8245725627337,14.459055273956,14.8594429228815,15.7846158344404,14.0902500353372,15.8278447228319,18.9402696489668,16.6526000804984,16.4377283246047,17.5733116884176,15.6809193402398
"308",2006-11-20,1133,0,9.10930024189627,10.5463902205395,8.46568533406484,8.03249853314609,12.8785965443447,11.2346729443696,0,0,FALSE,12.560541576318,12.6599357862885,15.3246010609904,14.5035015908622,15.2505567209592,14.8245725627337,14.459055273956,14.8594429228815,15.7846158344404,14.0902500353372,15.8278447228319,18.9402696489668,16.6526000804984,16.4377283246047,17.5733116884176
"309",2006-11-27,1131,0,8.72351702286924,9.10930024189627,10.5463902205395,8.46568533406484,8.03249853314609,12.8785965443447,0,0,FALSE,11.2346729443696,12.560541576318,12.6599357862885,15.3246010609904,14.5035015908622,15.2505567209592,14.8245725627337,14.459055273956,14.8594429228815,15.7846158344404,14.0902500353372,15.8278447228319,18.9402696489668,16.6526000804984,16.4377283246047
"310",2006-12-04,1000,0,8.9559980445034,8.72351702286924,9.10930024189627,10.5463902205395,8.46568533406484,8.03249853314609,0,0,FALSE,12.8785965443447,11.2346729443696,12.560541576318,12.6599357862885,15.3246010609904,14.5035015908622,15.2505567209592,14.8245725627337,14.459055273956,14.8594429228815,15.7846158344404,14.0902500353372,15.8278447228319,18.9402696489668,16.6526000804984
"311",2006-12-11,1077,0,7.51610540820845,8.9559980445034,8.72351702286924,9.10930024189627,10.5463902205395,8.46568533406484,0,0,FALSE,8.03249853314609,12.8785965443447,11.2346729443696,12.560541576318,12.6599357862885,15.3246010609904,14.5035015908622,15.2505567209592,14.8245725627337,14.459055273956,14.8594429228815,15.7846158344404,14.0902500353372,15.8278447228319,18.9402696489668
"312",2006-12-18,1059,0,6.82403304801573,7.51610540820845,8.9559980445034,8.72351702286924,9.10930024189627,10.5463902205395,0,1,FALSE,8.46568533406484,8.03249853314609,12.8785965443447,11.2346729443696,12.560541576318,12.6599357862885,15.3246010609904,14.5035015908622,15.2505567209592,14.8245725627337,14.459055273956,14.8594429228815,15.7846158344404,14.0902500353372,15.8278447228319
"313",2006-12-25,565,0,6.50988799358628,6.82403304801573,7.51610540820845,8.9559980445034,8.72351702286924,9.10930024189627,0,1,FALSE,10.5463902205395,8.46568533406484,8.03249853314609,12.8785965443447,11.2346729443696,12.560541576318,12.6599357862885,15.3246010609904,14.5035015908622,15.2505567209592,14.8245725627337,14.459055273956,14.8594429228815,15.7846158344404,14.0902500353372
"314",2007-01-01,657,0,8.26928887939175,6.50988799358628,6.82403304801573,7.51610540820845,8.9559980445034,8.72351702286924,1,0,FALSE,9.10930024189627,10.5463902205395,8.46568533406484,8.03249853314609,12.8785965443447,11.2346729443696,12.560541576318,12.6599357862885,15.3246010609904,14.5035015908622,15.2505567209592,14.8245725627337,14.459055273956,14.8594429228815,15.7846158344404
"315",2007-01-08,1223,0,8.9401356178012,8.26928887939175,6.50988799358628,6.82403304801573,7.51610540820845,8.9559980445034,1,0,FALSE,8.72351702286924,9.10930024189627,10.5463902205395,8.46568533406484,8.03249853314609,12.8785965443447,11.2346729443696,12.560541576318,12.6599357862885,15.3246010609904,14.5035015908622,15.2505567209592,14.8245725627337,14.459055273956,14.8594429228815
"316",2007-01-15,1180,0,8.36755789361757,8.9401356178012,8.26928887939175,6.50988799358628,6.82403304801573,7.51610540820845,0,0,FALSE,8.9559980445034,8.72351702286924,9.10930024189627,10.5463902205395,8.46568533406484,8.03249853314609,12.8785965443447,11.2346729443696,12.560541576318,12.6599357862885,15.3246010609904,14.5035015908622,15.2505567209592,14.8245725627337,14.459055273956
"317",2007-01-22,978,0,4.71390364384692,8.36755789361757,8.9401356178012,8.26928887939175,6.50988799358628,6.82403304801573,0,0,FALSE,7.51610540820845,8.9559980445034,8.72351702286924,9.10930024189627,10.5463902205395,8.46568533406484,8.03249853314609,12.8785965443447,11.2346729443696,12.560541576318,12.6599357862885,15.3246010609904,14.5035015908622,15.2505567209592,14.8245725627337
"318",2007-01-29,1022,0,7.55975289424372,4.71390364384692,8.36755789361757,8.9401356178012,8.26928887939175,6.50988799358628,0,0,FALSE,6.82403304801573,7.51610540820845,8.9559980445034,8.72351702286924,9.10930024189627,10.5463902205395,8.46568533406484,8.03249853314609,12.8785965443447,11.2346729443696,12.560541576318,12.6599357862885,15.3246010609904,14.5035015908622,15.2505567209592
"319",2007-02-05,901,0,6.23703253277891,7.55975289424372,4.71390364384692,8.36755789361757,8.9401356178012,8.26928887939175,0,0,FALSE,6.50988799358628,6.82403304801573,7.51610540820845,8.9559980445034,8.72351702286924,9.10930024189627,10.5463902205395,8.46568533406484,8.03249853314609,12.8785965443447,11.2346729443696,12.560541576318,12.6599357862885,15.3246010609904,14.5035015908622
"320",2007-02-12,924,0,7.2207447291507,6.23703253277891,7.55975289424372,4.71390364384692,8.36755789361757,8.9401356178012,0,0,FALSE,8.26928887939175,6.50988799358628,6.82403304801573,7.51610540820845,8.9559980445034,8.72351702286924,9.10930024189627,10.5463902205395,8.46568533406484,8.03249853314609,12.8785965443447,11.2346729443696,12.560541576318,12.6599357862885,15.3246010609904
"321",2007-02-19,835,0,7.33021147213145,7.2207447291507,6.23703253277891,7.55975289424372,4.71390364384692,8.36755789361757,0,0,FALSE,8.9401356178012,8.26928887939175,6.50988799358628,6.82403304801573,7.51610540820845,8.9559980445034,8.72351702286924,9.10930024189627,10.5463902205395,8.46568533406484,8.03249853314609,12.8785965443447,11.2346729443696,12.560541576318,12.6599357862885
"322",2007-02-26,929,0,7.8702433845205,7.33021147213145,7.2207447291507,6.23703253277891,7.55975289424372,4.71390364384692,0,0,FALSE,8.36755789361757,8.9401356178012,8.26928887939175,6.50988799358628,6.82403304801573,7.51610540820845,8.9559980445034,8.72351702286924,9.10930024189627,10.5463902205395,8.46568533406484,8.03249853314609,12.8785965443447,11.2346729443696,12.560541576318
"323",2007-03-05,1026,0,7.81634413281994,7.8702433845205,7.33021147213145,7.2207447291507,6.23703253277891,7.55975289424372,0,0,FALSE,4.71390364384692,8.36755789361757,8.9401356178012,8.26928887939175,6.50988799358628,6.82403304801573,7.51610540820845,8.9559980445034,8.72351702286924,9.10930024189627,10.5463902205395,8.46568533406484,8.03249853314609,12.8785965443447,11.2346729443696
"324",2007-03-12,1015,0,7.93568395371887,7.81634413281994,7.8702433845205,7.33021147213145,7.2207447291507,6.23703253277891,0,0,FALSE,7.55975289424372,4.71390364384692,8.36755789361757,8.9401356178012,8.26928887939175,6.50988799358628,6.82403304801573,7.51610540820845,8.9559980445034,8.72351702286924,9.10930024189627,10.5463902205395,8.46568533406484,8.03249853314609,12.8785965443447
"325",2007-03-19,1026,0,6.63888198888522,7.93568395371887,7.81634413281994,7.8702433845205,7.33021147213145,7.2207447291507,0,0,FALSE,6.23703253277891,7.55975289424372,4.71390364384692,8.36755789361757,8.9401356178012,8.26928887939175,6.50988799358628,6.82403304801573,7.51610540820845,8.9559980445034,8.72351702286924,9.10930024189627,10.5463902205395,8.46568533406484,8.03249853314609
"326",2007-03-26,939,0,7.25037651103851,6.63888198888522,7.93568395371887,7.81634413281994,7.8702433845205,7.33021147213145,0,0,FALSE,7.2207447291507,6.23703253277891,7.55975289424372,4.71390364384692,8.36755789361757,8.9401356178012,8.26928887939175,6.50988799358628,6.82403304801573,7.51610540820845,8.9559980445034,8.72351702286924,9.10930024189627,10.5463902205395,8.46568533406484
"327",2007-04-02,877,0,7.34197269138906,7.25037651103851,6.63888198888522,7.93568395371887,7.81634413281994,7.8702433845205,0,0,FALSE,7.33021147213145,7.2207447291507,6.23703253277891,7.55975289424372,4.71390364384692,8.36755789361757,8.9401356178012,8.26928887939175,6.50988799358628,6.82403304801573,7.51610540820845,8.9559980445034,8.72351702286924,9.10930024189627,10.5463902205395
"328",2007-04-09,770,0,9.65780075949324,7.34197269138906,7.25037651103851,6.63888198888522,7.93568395371887,7.81634413281994,0,0,FALSE,7.8702433845205,7.33021147213145,7.2207447291507,6.23703253277891,7.55975289424372,4.71390364384692,8.36755789361757,8.9401356178012,8.26928887939175,6.50988799358628,6.82403304801573,7.51610540820845,8.9559980445034,8.72351702286924,9.10930024189627
"329",2007-04-16,1126,0,7.65769367173352,9.65780075949324,7.34197269138906,7.25037651103851,6.63888198888522,7.93568395371887,0,0,FALSE,7.81634413281994,7.8702433845205,7.33021147213145,7.2207447291507,6.23703253277891,7.55975289424372,4.71390364384692,8.36755789361757,8.9401356178012,8.26928887939175,6.50988799358628,6.82403304801573,7.51610540820845,8.9559980445034,8.72351702286924
"330",2007-04-23,1227,0,10.7047510073717,7.65769367173352,9.65780075949324,7.34197269138906,7.25037651103851,6.63888198888522,0,0,FALSE,7.93568395371887,7.81634413281994,7.8702433845205,7.33021147213145,7.2207447291507,6.23703253277891,7.55975289424372,4.71390364384692,8.36755789361757,8.9401356178012,8.26928887939175,6.50988799358628,6.82403304801573,7.51610540820845,8.9559980445034
"331",2007-04-30,974,0,7.99317581180999,10.7047510073717,7.65769367173352,9.65780075949324,7.34197269138906,7.25037651103851,0,0,FALSE,6.63888198888522,7.93568395371887,7.81634413281994,7.8702433845205,7.33021147213145,7.2207447291507,6.23703253277891,7.55975289424372,4.71390364384692,8.36755789361757,8.9401356178012,8.26928887939175,6.50988799358628,6.82403304801573,7.51610540820845
"332",2007-05-07,1304,0,11.7894829455322,7.99317581180999,10.7047510073717,7.65769367173352,9.65780075949324,7.34197269138906,0,0,FALSE,7.25037651103851,6.63888198888522,7.93568395371887,7.81634413281994,7.8702433845205,7.33021147213145,7.2207447291507,6.23703253277891,7.55975289424372,4.71390364384692,8.36755789361757,8.9401356178012,8.26928887939175,6.50988799358628,6.82403304801573
"333",2007-05-14,1201,0,11.5137539413401,11.7894829455322,7.99317581180999,10.7047510073717,7.65769367173352,9.65780075949324,0,0,FALSE,7.34197269138906,7.25037651103851,6.63888198888522,7.93568395371887,7.81634413281994,7.8702433845205,7.33021147213145,7.2207447291507,6.23703253277891,7.55975289424372,4.71390364384692,8.36755789361757,8.9401356178012,8.26928887939175,6.50988799358628
"334",2007-05-21,1339,0,16.5247724799716,11.5137539413401,11.7894829455322,7.99317581180999,10.7047510073717,7.65769367173352,0,0,FALSE,9.65780075949324,7.34197269138906,7.25037651103851,6.63888198888522,7.93568395371887,7.81634413281994,7.8702433845205,7.33021147213145,7.2207447291507,6.23703253277891,7.55975289424372,4.71390364384692,8.36755789361757,8.9401356178012,8.26928887939175
"335",2007-05-28,1351,0,13.0805289938134,16.5247724799716,11.5137539413401,11.7894829455322,7.99317581180999,10.7047510073717,0,0,FALSE,7.65769367173352,9.65780075949324,7.34197269138906,7.25037651103851,6.63888198888522,7.93568395371887,7.81634413281994,7.8702433845205,7.33021147213145,7.2207447291507,6.23703253277891,7.55975289424372,4.71390364384692,8.36755789361757,8.9401356178012
"336",2007-06-04,1473,0,17.2402371962367,13.0805289938134,16.5247724799716,11.5137539413401,11.7894829455322,7.99317581180999,0,0,FALSE,10.7047510073717,7.65769367173352,9.65780075949324,7.34197269138906,7.25037651103851,6.63888198888522,7.93568395371887,7.81634413281994,7.8702433845205,7.33021147213145,7.2207447291507,6.23703253277891,7.55975289424372,4.71390364384692,8.36755789361757
"337",2007-06-11,1808,0,16.5140710923155,17.2402371962367,13.0805289938134,16.5247724799716,11.5137539413401,11.7894829455322,0,0,FALSE,7.99317581180999,10.7047510073717,7.65769367173352,9.65780075949324,7.34197269138906,7.25037651103851,6.63888198888522,7.93568395371887,7.81634413281994,7.8702433845205,7.33021147213145,7.2207447291507,6.23703253277891,7.55975289424372,4.71390364384692
"338",2007-06-18,2023,0,16.3770991807663,16.5140710923155,17.2402371962367,13.0805289938134,16.5247724799716,11.5137539413401,0,0,FALSE,11.7894829455322,7.99317581180999,10.7047510073717,7.65769367173352,9.65780075949324,7.34197269138906,7.25037651103851,6.63888198888522,7.93568395371887,7.81634413281994,7.8702433845205,7.33021147213145,7.2207447291507,6.23703253277891,7.55975289424372
"339",2007-06-25,1879,0,13.5404032543065,16.3770991807663,16.5140710923155,17.2402371962367,13.0805289938134,16.5247724799716,0,0,FALSE,11.5137539413401,11.7894829455322,7.99317581180999,10.7047510073717,7.65769367173352,9.65780075949324,7.34197269138906,7.25037651103851,6.63888198888522,7.93568395371887,7.81634413281994,7.8702433845205,7.33021147213145,7.2207447291507,6.23703253277891
"340",2007-07-02,1882,0,14.2534732366896,13.5404032543065,16.3770991807663,16.5140710923155,17.2402371962367,13.0805289938134,0,0,FALSE,16.5247724799716,11.5137539413401,11.7894829455322,7.99317581180999,10.7047510073717,7.65769367173352,9.65780075949324,7.34197269138906,7.25037651103851,6.63888198888522,7.93568395371887,7.81634413281994,7.8702433845205,7.33021147213145,7.2207447291507
"341",2007-07-09,1933,0,15.5669164509007,14.2534732366896,13.5404032543065,16.3770991807663,16.5140710923155,17.2402371962367,0,0,FALSE,13.0805289938134,16.5247724799716,11.5137539413401,11.7894829455322,7.99317581180999,10.7047510073717,7.65769367173352,9.65780075949324,7.34197269138906,7.25037651103851,6.63888198888522,7.93568395371887,7.81634413281994,7.8702433845205,7.33021147213145
"342",2007-07-16,1945,0,17.4247076097091,15.5669164509007,14.2534732366896,13.5404032543065,16.3770991807663,16.5140710923155,0,0,FALSE,17.2402371962367,13.0805289938134,16.5247724799716,11.5137539413401,11.7894829455322,7.99317581180999,10.7047510073717,7.65769367173352,9.65780075949324,7.34197269138906,7.25037651103851,6.63888198888522,7.93568395371887,7.81634413281994,7.8702433845205
"343",2007-07-23,1834,0,15.0787545760639,17.4247076097091,15.5669164509007,14.2534732366896,13.5404032543065,16.3770991807663,0,0,FALSE,16.5140710923155,17.2402371962367,13.0805289938134,16.5247724799716,11.5137539413401,11.7894829455322,7.99317581180999,10.7047510073717,7.65769367173352,9.65780075949324,7.34197269138906,7.25037651103851,6.63888198888522,7.93568395371887,7.81634413281994
"344",2007-07-30,1590,0,13.1699586083585,15.0787545760639,17.4247076097091,15.5669164509007,14.2534732366896,13.5404032543065,0,0,FALSE,16.3770991807663,16.5140710923155,17.2402371962367,13.0805289938134,16.5247724799716,11.5137539413401,11.7894829455322,7.99317581180999,10.7047510073717,7.65769367173352,9.65780075949324,7.34197269138906,7.25037651103851,6.63888198888522,7.93568395371887
"345",2007-08-06,1432,0,17.3225240274148,13.1699586083585,15.0787545760639,17.4247076097091,15.5669164509007,14.2534732366896,0,0,FALSE,13.5404032543065,16.3770991807663,16.5140710923155,17.2402371962367,13.0805289938134,16.5247724799716,11.5137539413401,11.7894829455322,7.99317581180999,10.7047510073717,7.65769367173352,9.65780075949324,7.34197269138906,7.25037651103851,6.63888198888522
"346",2007-08-13,1712,0,15.6412916360672,17.3225240274148,13.1699586083585,15.0787545760639,17.4247076097091,15.5669164509007,0,0,FALSE,14.2534732366896,13.5404032543065,16.3770991807663,16.5140710923155,17.2402371962367,13.0805289938134,16.5247724799716,11.5137539413401,11.7894829455322,7.99317581180999,10.7047510073717,7.65769367173352,9.65780075949324,7.34197269138906,7.25037651103851
"347",2007-08-20,1717,0,16.7919523819744,15.6412916360672,17.3225240274148,13.1699586083585,15.0787545760639,17.4247076097091,0,0,FALSE,15.5669164509007,14.2534732366896,13.5404032543065,16.3770991807663,16.5140710923155,17.2402371962367,13.0805289938134,16.5247724799716,11.5137539413401,11.7894829455322,7.99317581180999,10.7047510073717,7.65769367173352,9.65780075949324,7.34197269138906
"348",2007-08-27,1688,0,12.9369031247852,16.7919523819744,15.6412916360672,17.3225240274148,13.1699586083585,15.0787545760639,0,0,FALSE,17.4247076097091,15.5669164509007,14.2534732366896,13.5404032543065,16.3770991807663,16.5140710923155,17.2402371962367,13.0805289938134,16.5247724799716,11.5137539413401,11.7894829455322,7.99317581180999,10.7047510073717,7.65769367173352,9.65780075949324
"349",2007-09-03,1623,0,12.2940592923164,12.9369031247852,16.7919523819744,15.6412916360672,17.3225240274148,13.1699586083585,0,0,FALSE,15.0787545760639,17.4247076097091,15.5669164509007,14.2534732366896,13.5404032543065,16.3770991807663,16.5140710923155,17.2402371962367,13.0805289938134,16.5247724799716,11.5137539413401,11.7894829455322,7.99317581180999,10.7047510073717,7.65769367173352
"350",2007-09-10,1501,0,12.0141289005755,12.2940592923164,12.9369031247852,16.7919523819744,15.6412916360672,17.3225240274148,0,0,FALSE,13.1699586083585,15.0787545760639,17.4247076097091,15.5669164509007,14.2534732366896,13.5404032543065,16.3770991807663,16.5140710923155,17.2402371962367,13.0805289938134,16.5247724799716,11.5137539413401,11.7894829455322,7.99317581180999,10.7047510073717
"351",2007-09-17,1431,0,12.1279342971596,12.0141289005755,12.2940592923164,12.9369031247852,16.7919523819744,15.6412916360672,0,0,FALSE,17.3225240274148,13.1699586083585,15.0787545760639,17.4247076097091,15.5669164509007,14.2534732366896,13.5404032543065,16.3770991807663,16.5140710923155,17.2402371962367,13.0805289938134,16.5247724799716,11.5137539413401,11.7894829455322,7.99317581180999
"352",2007-09-24,1362,0,12.2804252303992,12.1279342971596,12.0141289005755,12.2940592923164,12.9369031247852,16.7919523819744,0,0,FALSE,15.6412916360672,17.3225240274148,13.1699586083585,15.0787545760639,17.4247076097091,15.5669164509007,14.2534732366896,13.5404032543065,16.3770991807663,16.5140710923155,17.2402371962367,13.0805289938134,16.5247724799716,11.5137539413401,11.7894829455322
"353",2007-10-01,1155,0,12.879721397317,12.2804252303992,12.1279342971596,12.0141289005755,12.2940592923164,12.9369031247852,0,0,FALSE,16.7919523819744,15.6412916360672,17.3225240274148,13.1699586083585,15.0787545760639,17.4247076097091,15.5669164509007,14.2534732366896,13.5404032543065,16.3770991807663,16.5140710923155,17.2402371962367,13.0805289938134,16.5247724799716,11.5137539413401
"354",2007-10-08,1356,0,9.65698036827525,12.879721397317,12.2804252303992,12.1279342971596,12.0141289005755,12.2940592923164,0,0,FALSE,12.9369031247852,16.7919523819744,15.6412916360672,17.3225240274148,13.1699586083585,15.0787545760639,17.4247076097091,15.5669164509007,14.2534732366896,13.5404032543065,16.3770991807663,16.5140710923155,17.2402371962367,13.0805289938134,16.5247724799716
"355",2007-10-15,1372,0,8.999807398761,9.65698036827525,12.879721397317,12.2804252303992,12.1279342971596,12.0141289005755,0,0,FALSE,12.2940592923164,12.9369031247852,16.7919523819744,15.6412916360672,17.3225240274148,13.1699586083585,15.0787545760639,17.4247076097091,15.5669164509007,14.2534732366896,13.5404032543065,16.3770991807663,16.5140710923155,17.2402371962367,13.0805289938134
"356",2007-10-22,1274,0,8.06067875165336,8.999807398761,9.65698036827525,12.879721397317,12.2804252303992,12.1279342971596,0,0,FALSE,12.0141289005755,12.2940592923164,12.9369031247852,16.7919523819744,15.6412916360672,17.3225240274148,13.1699586083585,15.0787545760639,17.4247076097091,15.5669164509007,14.2534732366896,13.5404032543065,16.3770991807663,16.5140710923155,17.2402371962367
"357",2007-10-29,1156,0,9.6595796787575,8.06067875165336,8.999807398761,9.65698036827525,12.879721397317,12.2804252303992,0,0,FALSE,12.1279342971596,12.0141289005755,12.2940592923164,12.9369031247852,16.7919523819744,15.6412916360672,17.3225240274148,13.1699586083585,15.0787545760639,17.4247076097091,15.5669164509007,14.2534732366896,13.5404032543065,16.3770991807663,16.5140710923155
"358",2007-11-05,1247,0,7.80902299900592,9.6595796787575,8.06067875165336,8.999807398761,9.65698036827525,12.879721397317,0,0,FALSE,12.2804252303992,12.1279342971596,12.0141289005755,12.2940592923164,12.9369031247852,16.7919523819744,15.6412916360672,17.3225240274148,13.1699586083585,15.0787545760639,17.4247076097091,15.5669164509007,14.2534732366896,13.5404032543065,16.3770991807663
"359",2007-11-12,1320,0,6.25292711519319,7.80902299900592,9.6595796787575,8.06067875165336,8.999807398761,9.65698036827525,0,0,FALSE,12.879721397317,12.2804252303992,12.1279342971596,12.0141289005755,12.2940592923164,12.9369031247852,16.7919523819744,15.6412916360672,17.3225240274148,13.1699586083585,15.0787545760639,17.4247076097091,15.5669164509007,14.2534732366896,13.5404032543065
"360",2007-11-19,1133,0,6.89281204020154,6.25292711519319,7.80902299900592,9.6595796787575,8.06067875165336,8.999807398761,0,0,FALSE,9.65698036827525,12.879721397317,12.2804252303992,12.1279342971596,12.0141289005755,12.2940592923164,12.9369031247852,16.7919523819744,15.6412916360672,17.3225240274148,13.1699586083585,15.0787545760639,17.4247076097091,15.5669164509007,14.2534732366896
"361",2007-11-26,1078,0,6.88469040872495,6.89281204020154,6.25292711519319,7.80902299900592,9.6595796787575,8.06067875165336,0,0,FALSE,8.999807398761,9.65698036827525,12.879721397317,12.2804252303992,12.1279342971596,12.0141289005755,12.2940592923164,12.9369031247852,16.7919523819744,15.6412916360672,17.3225240274148,13.1699586083585,15.0787545760639,17.4247076097091,15.5669164509007
"362",2007-12-03,1035,0,8.32896726506463,6.88469040872495,6.89281204020154,6.25292711519319,7.80902299900592,9.6595796787575,0,0,FALSE,8.06067875165336,8.999807398761,9.65698036827525,12.879721397317,12.2804252303992,12.1279342971596,12.0141289005755,12.2940592923164,12.9369031247852,16.7919523819744,15.6412916360672,17.3225240274148,13.1699586083585,15.0787545760639,17.4247076097091
"363",2007-12-10,978,0,6.13318503145099,8.32896726506463,6.88469040872495,6.89281204020154,6.25292711519319,7.80902299900592,0,0,FALSE,9.6595796787575,8.06067875165336,8.999807398761,9.65698036827525,12.879721397317,12.2804252303992,12.1279342971596,12.0141289005755,12.2940592923164,12.9369031247852,16.7919523819744,15.6412916360672,17.3225240274148,13.1699586083585,15.0787545760639
"364",2007-12-17,941,0,4.418546925982,6.13318503145099,8.32896726506463,6.88469040872495,6.89281204020154,6.25292711519319,0,0,FALSE,7.80902299900592,9.6595796787575,8.06067875165336,8.999807398761,9.65698036827525,12.879721397317,12.2804252303992,12.1279342971596,12.0141289005755,12.2940592923164,12.9369031247852,16.7919523819744,15.6412916360672,17.3225240274148,13.1699586083585
"365",2007-12-24,442,0,5.72311213264594,4.418546925982,6.13318503145099,8.32896726506463,6.88469040872495,6.89281204020154,0,1,FALSE,6.25292711519319,7.80902299900592,9.6595796787575,8.06067875165336,8.999807398761,9.65698036827525,12.879721397317,12.2804252303992,12.1279342971596,12.0141289005755,12.2940592923164,12.9369031247852,16.7919523819744,15.6412916360672,17.3225240274148
"366",2007-12-31,479,0,5.27664195005879,5.72311213264594,4.418546925982,6.13318503145099,8.32896726506463,6.88469040872495,0,1,FALSE,6.89281204020154,6.25292711519319,7.80902299900592,9.6595796787575,8.06067875165336,8.999807398761,9.65698036827525,12.879721397317,12.2804252303992,12.1279342971596,12.0141289005755,12.2940592923164,12.9369031247852,16.7919523819744,15.6412916360672
"367",2008-01-07,1037,0,6.9062551957402,5.27664195005879,5.72311213264594,4.418546925982,6.13318503145099,8.32896726506463,1,0,FALSE,6.88469040872495,6.89281204020154,6.25292711519319,7.80902299900592,9.6595796787575,8.06067875165336,8.999807398761,9.65698036827525,12.879721397317,12.2804252303992,12.1279342971596,12.0141289005755,12.2940592923164,12.9369031247852,16.7919523819744
"368",2008-01-14,1062,0,8.20597597221598,6.9062551957402,5.27664195005879,5.72311213264594,4.418546925982,6.13318503145099,1,0,FALSE,8.32896726506463,6.88469040872495,6.89281204020154,6.25292711519319,7.80902299900592,9.6595796787575,8.06067875165336,8.999807398761,9.65698036827525,12.879721397317,12.2804252303992,12.1279342971596,12.0141289005755,12.2940592923164,12.9369031247852
"369",2008-01-21,828,0,7.12496222067078,8.20597597221598,6.9062551957402,5.27664195005879,5.72311213264594,4.418546925982,0,0,FALSE,6.13318503145099,8.32896726506463,6.88469040872495,6.89281204020154,6.25292711519319,7.80902299900592,9.6595796787575,8.06067875165336,8.999807398761,9.65698036827525,12.879721397317,12.2804252303992,12.1279342971596,12.0141289005755,12.2940592923164
"370",2008-01-28,827,0,6.38721336432547,7.12496222067078,8.20597597221598,6.9062551957402,5.27664195005879,5.72311213264594,0,0,FALSE,4.418546925982,6.13318503145099,8.32896726506463,6.88469040872495,6.89281204020154,6.25292711519319,7.80902299900592,9.6595796787575,8.06067875165336,8.999807398761,9.65698036827525,12.879721397317,12.2804252303992,12.1279342971596,12.0141289005755
"371",2008-02-04,757,0,6.64772071984038,6.38721336432547,7.12496222067078,8.20597597221598,6.9062551957402,5.27664195005879,0,0,FALSE,5.72311213264594,4.418546925982,6.13318503145099,8.32896726506463,6.88469040872495,6.89281204020154,6.25292711519319,7.80902299900592,9.6595796787575,8.06067875165336,8.999807398761,9.65698036827525,12.879721397317,12.2804252303992,12.1279342971596
"372",2008-02-11,832,0,5.18307123818149,6.64772071984038,6.38721336432547,7.12496222067078,8.20597597221598,6.9062551957402,0,0,FALSE,5.27664195005879,5.72311213264594,4.418546925982,6.13318503145099,8.32896726506463,6.88469040872495,6.89281204020154,6.25292711519319,7.80902299900592,9.6595796787575,8.06067875165336,8.999807398761,9.65698036827525,12.879721397317,12.2804252303992
"373",2008-02-18,837,0,7.43290253659973,5.18307123818149,6.64772071984038,6.38721336432547,7.12496222067078,8.20597597221598,0,0,FALSE,6.9062551957402,5.27664195005879,5.72311213264594,4.418546925982,6.13318503145099,8.32896726506463,6.88469040872495,6.89281204020154,6.25292711519319,7.80902299900592,9.6595796787575,8.06067875165336,8.999807398761,9.65698036827525,12.879721397317
"374",2008-02-25,814,0,8.14550040139973,7.43290253659973,5.18307123818149,6.64772071984038,6.38721336432547,7.12496222067078,0,0,FALSE,8.20597597221598,6.9062551957402,5.27664195005879,5.72311213264594,4.418546925982,6.13318503145099,8.32896726506463,6.88469040872495,6.89281204020154,6.25292711519319,7.80902299900592,9.6595796787575,8.06067875165336,8.999807398761,9.65698036827525
"375",2008-03-03,792,0,6.46012712503961,8.14550040139973,7.43290253659973,5.18307123818149,6.64772071984038,6.38721336432547,0,0,FALSE,7.12496222067078,8.20597597221598,6.9062551957402,5.27664195005879,5.72311213264594,4.418546925982,6.13318503145099,8.32896726506463,6.88469040872495,6.89281204020154,6.25292711519319,7.80902299900592,9.6595796787575,8.06067875165336,8.999807398761
"376",2008-03-10,747,0,7.81899642402878,6.46012712503961,8.14550040139973,7.43290253659973,5.18307123818149,6.64772071984038,0,0,FALSE,6.38721336432547,7.12496222067078,8.20597597221598,6.9062551957402,5.27664195005879,5.72311213264594,4.418546925982,6.13318503145099,8.32896726506463,6.88469040872495,6.89281204020154,6.25292711519319,7.80902299900592,9.6595796787575,8.06067875165336
"377",2008-03-17,643,0,5.71764013796106,7.81899642402878,6.46012712503961,8.14550040139973,7.43290253659973,5.18307123818149,0,0,FALSE,6.64772071984038,6.38721336432547,7.12496222067078,8.20597597221598,6.9062551957402,5.27664195005879,5.72311213264594,4.418546925982,6.13318503145099,8.32896726506463,6.88469040872495,6.89281204020154,6.25292711519319,7.80902299900592,9.6595796787575
"378",2008-03-24,542,0,6.06783556019465,5.71764013796106,7.81899642402878,6.46012712503961,8.14550040139973,7.43290253659973,0,0,FALSE,5.18307123818149,6.64772071984038,6.38721336432547,7.12496222067078,8.20597597221598,6.9062551957402,5.27664195005879,5.72311213264594,4.418546925982,6.13318503145099,8.32896726506463,6.88469040872495,6.89281204020154,6.25292711519319,7.80902299900592
"379",2008-03-31,798,0,8.10053082843953,6.06783556019465,5.71764013796106,7.81899642402878,6.46012712503961,8.14550040139973,0,0,FALSE,7.43290253659973,5.18307123818149,6.64772071984038,6.38721336432547,7.12496222067078,8.20597597221598,6.9062551957402,5.27664195005879,5.72311213264594,4.418546925982,6.13318503145099,8.32896726506463,6.88469040872495,6.89281204020154,6.25292711519319
"380",2008-04-07,994,0,7.54401083077137,8.10053082843953,6.06783556019465,5.71764013796106,7.81899642402878,6.46012712503961,0,0,FALSE,8.14550040139973,7.43290253659973,5.18307123818149,6.64772071984038,6.38721336432547,7.12496222067078,8.20597597221598,6.9062551957402,5.27664195005879,5.72311213264594,4.418546925982,6.13318503145099,8.32896726506463,6.88469040872495,6.89281204020154
"381",2008-04-14,963,0,7.86400071305497,7.54401083077137,8.10053082843953,6.06783556019465,5.71764013796106,7.81899642402878,0,0,FALSE,6.46012712503961,8.14550040139973,7.43290253659973,5.18307123818149,6.64772071984038,6.38721336432547,7.12496222067078,8.20597597221598,6.9062551957402,5.27664195005879,5.72311213264594,4.418546925982,6.13318503145099,8.32896726506463,6.88469040872495
"382",2008-04-21,967,0,9.20308040492744,7.86400071305497,7.54401083077137,8.10053082843953,6.06783556019465,5.71764013796106,0,0,FALSE,7.81899642402878,6.46012712503961,8.14550040139973,7.43290253659973,5.18307123818149,6.64772071984038,6.38721336432547,7.12496222067078,8.20597597221598,6.9062551957402,5.27664195005879,5.72311213264594,4.418546925982,6.13318503145099,8.32896726506463
"383",2008-04-28,936,0,9.8531230827974,9.20308040492744,7.86400071305497,7.54401083077137,8.10053082843953,6.06783556019465,0,0,FALSE,5.71764013796106,7.81899642402878,6.46012712503961,8.14550040139973,7.43290253659973,5.18307123818149,6.64772071984038,6.38721336432547,7.12496222067078,8.20597597221598,6.9062551957402,5.27664195005879,5.72311213264594,4.418546925982,6.13318503145099
"384",2008-05-05,1071,0,10.2434978943201,9.8531230827974,9.20308040492744,7.86400071305497,7.54401083077137,8.10053082843953,0,0,FALSE,6.06783556019465,5.71764013796106,7.81899642402878,6.46012712503961,8.14550040139973,7.43290253659973,5.18307123818149,6.64772071984038,6.38721336432547,7.12496222067078,8.20597597221598,6.9062551957402,5.27664195005879,5.72311213264594,4.418546925982
"385",2008-05-12,1013,0,11.5915172246409,10.2434978943201,9.8531230827974,9.20308040492744,7.86400071305497,7.54401083077137,0,0,FALSE,8.10053082843953,6.06783556019465,5.71764013796106,7.81899642402878,6.46012712503961,8.14550040139973,7.43290253659973,5.18307123818149,6.64772071984038,6.38721336432547,7.12496222067078,8.20597597221598,6.9062551957402,5.27664195005879,5.72311213264594
"386",2008-05-19,1329,0,10.3214103172255,11.5915172246409,10.2434978943201,9.8531230827974,9.20308040492744,7.86400071305497,0,0,FALSE,7.54401083077137,8.10053082843953,6.06783556019465,5.71764013796106,7.81899642402878,6.46012712503961,8.14550040139973,7.43290253659973,5.18307123818149,6.64772071984038,6.38721336432547,7.12496222067078,8.20597597221598,6.9062551957402,5.27664195005879
"387",2008-05-26,1528,0,15.4255223132325,10.3214103172255,11.5915172246409,10.2434978943201,9.8531230827974,9.20308040492744,0,0,FALSE,7.86400071305497,7.54401083077137,8.10053082843953,6.06783556019465,5.71764013796106,7.81899642402878,6.46012712503961,8.14550040139973,7.43290253659973,5.18307123818149,6.64772071984038,6.38721336432547,7.12496222067078,8.20597597221598,6.9062551957402
"388",2008-06-02,1649,0,14.8001421517169,15.4255223132325,10.3214103172255,11.5915172246409,10.2434978943201,9.8531230827974,0,0,FALSE,9.20308040492744,7.86400071305497,7.54401083077137,8.10053082843953,6.06783556019465,5.71764013796106,7.81899642402878,6.46012712503961,8.14550040139973,7.43290253659973,5.18307123818149,6.64772071984038,6.38721336432547,7.12496222067078,8.20597597221598
"389",2008-06-09,1801,0,11.9081301258132,14.8001421517169,15.4255223132325,10.3214103172255,11.5915172246409,10.2434978943201,0,0,FALSE,9.8531230827974,9.20308040492744,7.86400071305497,7.54401083077137,8.10053082843953,6.06783556019465,5.71764013796106,7.81899642402878,6.46012712503961,8.14550040139973,7.43290253659973,5.18307123818149,6.64772071984038,6.38721336432547,7.12496222067078
"390",2008-06-16,1652,0,13.4747695195464,11.9081301258132,14.8001421517169,15.4255223132325,10.3214103172255,11.5915172246409,0,0,FALSE,10.2434978943201,9.8531230827974,9.20308040492744,7.86400071305497,7.54401083077137,8.10053082843953,6.06783556019465,5.71764013796106,7.81899642402878,6.46012712503961,8.14550040139973,7.43290253659973,5.18307123818149,6.64772071984038,6.38721336432547
"391",2008-06-23,1468,0,14.7633461404574,13.4747695195464,11.9081301258132,14.8001421517169,15.4255223132325,10.3214103172255,0,0,FALSE,11.5915172246409,10.2434978943201,9.8531230827974,9.20308040492744,7.86400071305497,7.54401083077137,8.10053082843953,6.06783556019465,5.71764013796106,7.81899642402878,6.46012712503961,8.14550040139973,7.43290253659973,5.18307123818149,6.64772071984038
"392",2008-06-30,1680,0,15.1136220203203,14.7633461404574,13.4747695195464,11.9081301258132,14.8001421517169,15.4255223132325,0,0,FALSE,10.3214103172255,11.5915172246409,10.2434978943201,9.8531230827974,9.20308040492744,7.86400071305497,7.54401083077137,8.10053082843953,6.06783556019465,5.71764013796106,7.81899642402878,6.46012712503961,8.14550040139973,7.43290253659973,5.18307123818149
"393",2008-07-07,1891,0,14.7385128911776,15.1136220203203,14.7633461404574,13.4747695195464,11.9081301258132,14.8001421517169,0,0,FALSE,15.4255223132325,10.3214103172255,11.5915172246409,10.2434978943201,9.8531230827974,9.20308040492744,7.86400071305497,7.54401083077137,8.10053082843953,6.06783556019465,5.71764013796106,7.81899642402878,6.46012712503961,8.14550040139973,7.43290253659973
"394",2008-07-14,1810,0,14.3871048587624,14.7385128911776,15.1136220203203,14.7633461404574,13.4747695195464,11.9081301258132,0,0,FALSE,14.8001421517169,15.4255223132325,10.3214103172255,11.5915172246409,10.2434978943201,9.8531230827974,9.20308040492744,7.86400071305497,7.54401083077137,8.10053082843953,6.06783556019465,5.71764013796106,7.81899642402878,6.46012712503961,8.14550040139973
"395",2008-07-21,1743,0,15.54936721174,14.3871048587624,14.7385128911776,15.1136220203203,14.7633461404574,13.4747695195464,0,0,FALSE,11.9081301258132,14.8001421517169,15.4255223132325,10.3214103172255,11.5915172246409,10.2434978943201,9.8531230827974,9.20308040492744,7.86400071305497,7.54401083077137,8.10053082843953,6.06783556019465,5.71764013796106,7.81899642402878,6.46012712503961
"396",2008-07-28,1595,0,17.6048767493543,15.54936721174,14.3871048587624,14.7385128911776,15.1136220203203,14.7633461404574,0,0,FALSE,13.4747695195464,11.9081301258132,14.8001421517169,15.4255223132325,10.3214103172255,11.5915172246409,10.2434978943201,9.8531230827974,9.20308040492744,7.86400071305497,7.54401083077137,8.10053082843953,6.06783556019465,5.71764013796106,7.81899642402878
"397",2008-08-04,1808,0,15.7114280182299,17.6048767493543,15.54936721174,14.3871048587624,14.7385128911776,15.1136220203203,0,0,FALSE,14.7633461404574,13.4747695195464,11.9081301258132,14.8001421517169,15.4255223132325,10.3214103172255,11.5915172246409,10.2434978943201,9.8531230827974,9.20308040492744,7.86400071305497,7.54401083077137,8.10053082843953,6.06783556019465,5.71764013796106
"398",2008-08-11,1874,0,14.5312487180489,15.7114280182299,17.6048767493543,15.54936721174,14.3871048587624,14.7385128911776,0,0,FALSE,15.1136220203203,14.7633461404574,13.4747695195464,11.9081301258132,14.8001421517169,15.4255223132325,10.3214103172255,11.5915172246409,10.2434978943201,9.8531230827974,9.20308040492744,7.86400071305497,7.54401083077137,8.10053082843953,6.06783556019465
"399",2008-08-18,1759,0,14.9209263889282,14.5312487180489,15.7114280182299,17.6048767493543,15.54936721174,14.3871048587624,0,0,FALSE,14.7385128911776,15.1136220203203,14.7633461404574,13.4747695195464,11.9081301258132,14.8001421517169,15.4255223132325,10.3214103172255,11.5915172246409,10.2434978943201,9.8531230827974,9.20308040492744,7.86400071305497,7.54401083077137,8.10053082843953
"400",2008-08-25,1843,0,15.3980209299507,14.9209263889282,14.5312487180489,15.7114280182299,17.6048767493543,15.54936721174,0,0,FALSE,14.3871048587624,14.7385128911776,15.1136220203203,14.7633461404574,13.4747695195464,11.9081301258132,14.8001421517169,15.4255223132325,10.3214103172255,11.5915172246409,10.2434978943201,9.8531230827974,9.20308040492744,7.86400071305497,7.54401083077137
"401",2008-09-01,1807,0,15.5515289421034,15.3980209299507,14.9209263889282,14.5312487180489,15.7114280182299,17.6048767493543,0,0,FALSE,15.54936721174,14.3871048587624,14.7385128911776,15.1136220203203,14.7633461404574,13.4747695195464,11.9081301258132,14.8001421517169,15.4255223132325,10.3214103172255,11.5915172246409,10.2434978943201,9.8531230827974,9.20308040492744,7.86400071305497
"402",2008-09-08,1923,0,13.6916003616033,15.5515289421034,15.3980209299507,14.9209263889282,14.5312487180489,15.7114280182299,0,0,FALSE,17.6048767493543,15.54936721174,14.3871048587624,14.7385128911776,15.1136220203203,14.7633461404574,13.4747695195464,11.9081301258132,14.8001421517169,15.4255223132325,10.3214103172255,11.5915172246409,10.2434978943201,9.8531230827974,9.20308040492744
"403",2008-09-15,1545,0,9.4180420869228,13.6916003616033,15.5515289421034,15.3980209299507,14.9209263889282,14.5312487180489,0,0,FALSE,15.7114280182299,17.6048767493543,15.54936721174,14.3871048587624,14.7385128911776,15.1136220203203,14.7633461404574,13.4747695195464,11.9081301258132,14.8001421517169,15.4255223132325,10.3214103172255,11.5915172246409,10.2434978943201,9.8531230827974
"404",2008-09-22,1469,0,11.019565940396,9.4180420869228,13.6916003616033,15.5515289421034,15.3980209299507,14.9209263889282,0,0,FALSE,14.5312487180489,15.7114280182299,17.6048767493543,15.54936721174,14.3871048587624,14.7385128911776,15.1136220203203,14.7633461404574,13.4747695195464,11.9081301258132,14.8001421517169,15.4255223132325,10.3214103172255,11.5915172246409,10.2434978943201
"405",2008-09-29,1251,0,9.83372660578325,11.019565940396,9.4180420869228,13.6916003616033,15.5515289421034,15.3980209299507,0,0,FALSE,14.9209263889282,14.5312487180489,15.7114280182299,17.6048767493543,15.54936721174,14.3871048587624,14.7385128911776,15.1136220203203,14.7633461404574,13.4747695195464,11.9081301258132,14.8001421517169,15.4255223132325,10.3214103172255,11.5915172246409
"406",2008-10-06,1324,0,12.5234221739226,9.83372660578325,11.019565940396,9.4180420869228,13.6916003616033,15.5515289421034,0,0,FALSE,15.3980209299507,14.9209263889282,14.5312487180489,15.7114280182299,17.6048767493543,15.54936721174,14.3871048587624,14.7385128911776,15.1136220203203,14.7633461404574,13.4747695195464,11.9081301258132,14.8001421517169,15.4255223132325,10.3214103172255
"407",2008-10-13,1444,0,11.2213036126776,12.5234221739226,9.83372660578325,11.019565940396,9.4180420869228,13.6916003616033,0,0,FALSE,15.5515289421034,15.3980209299507,14.9209263889282,14.5312487180489,15.7114280182299,17.6048767493543,15.54936721174,14.3871048587624,14.7385128911776,15.1136220203203,14.7633461404574,13.4747695195464,11.9081301258132,14.8001421517169,15.4255223132325
"408",2008-10-20,1354,0,9.75612811910785,11.2213036126776,12.5234221739226,9.83372660578325,11.019565940396,9.4180420869228,0,0,FALSE,13.6916003616033,15.5515289421034,15.3980209299507,14.9209263889282,14.5312487180489,15.7114280182299,17.6048767493543,15.54936721174,14.3871048587624,14.7385128911776,15.1136220203203,14.7633461404574,13.4747695195464,11.9081301258132,14.8001421517169
"409",2008-10-27,1169,0,8.49064461383022,9.75612811910785,11.2213036126776,12.5234221739226,9.83372660578325,11.019565940396,0,0,FALSE,9.4180420869228,13.6916003616033,15.5515289421034,15.3980209299507,14.9209263889282,14.5312487180489,15.7114280182299,17.6048767493543,15.54936721174,14.3871048587624,14.7385128911776,15.1136220203203,14.7633461404574,13.4747695195464,11.9081301258132
"410",2008-11-03,1330,0,10.4637483180239,8.49064461383022,9.75612811910785,11.2213036126776,12.5234221739226,9.83372660578325,0,0,FALSE,11.019565940396,9.4180420869228,13.6916003616033,15.5515289421034,15.3980209299507,14.9209263889282,14.5312487180489,15.7114280182299,17.6048767493543,15.54936721174,14.3871048587624,14.7385128911776,15.1136220203203,14.7633461404574,13.4747695195464
"411",2008-11-10,1248,0,9.13242105138206,10.4637483180239,8.49064461383022,9.75612811910785,11.2213036126776,12.5234221739226,0,0,FALSE,9.83372660578325,11.019565940396,9.4180420869228,13.6916003616033,15.5515289421034,15.3980209299507,14.9209263889282,14.5312487180489,15.7114280182299,17.6048767493543,15.54936721174,14.3871048587624,14.7385128911776,15.1136220203203,14.7633461404574
"412",2008-11-17,1302,0,6.33536511867331,9.13242105138206,10.4637483180239,8.49064461383022,9.75612811910785,11.2213036126776,0,0,FALSE,12.5234221739226,9.83372660578325,11.019565940396,9.4180420869228,13.6916003616033,15.5515289421034,15.3980209299507,14.9209263889282,14.5312487180489,15.7114280182299,17.6048767493543,15.54936721174,14.3871048587624,14.7385128911776,15.1136220203203
"413",2008-11-24,1157,0,5.89891255719828,6.33536511867331,9.13242105138206,10.4637483180239,8.49064461383022,9.75612811910785,0,0,FALSE,11.2213036126776,12.5234221739226,9.83372660578325,11.019565940396,9.4180420869228,13.6916003616033,15.5515289421034,15.3980209299507,14.9209263889282,14.5312487180489,15.7114280182299,17.6048767493543,15.54936721174,14.3871048587624,14.7385128911776
"414",2008-12-01,1213,0,6.76988335961568,5.89891255719828,6.33536511867331,9.13242105138206,10.4637483180239,8.49064461383022,0,0,FALSE,9.75612811910785,11.2213036126776,12.5234221739226,9.83372660578325,11.019565940396,9.4180420869228,13.6916003616033,15.5515289421034,15.3980209299507,14.9209263889282,14.5312487180489,15.7114280182299,17.6048767493543,15.54936721174,14.3871048587624
"415",2008-12-08,1088,0,6.01619019254607,6.76988335961568,5.89891255719828,6.33536511867331,9.13242105138206,10.4637483180239,0,0,FALSE,8.49064461383022,9.75612811910785,11.2213036126776,12.5234221739226,9.83372660578325,11.019565940396,9.4180420869228,13.6916003616033,15.5515289421034,15.3980209299507,14.9209263889282,14.5312487180489,15.7114280182299,17.6048767493543,15.54936721174
"416",2008-12-15,1092,0,7.02169290732379,6.01619019254607,6.76988335961568,5.89891255719828,6.33536511867331,9.13242105138206,0,0,FALSE,10.4637483180239,8.49064461383022,9.75612811910785,11.2213036126776,12.5234221739226,9.83372660578325,11.019565940396,9.4180420869228,13.6916003616033,15.5515289421034,15.3980209299507,14.9209263889282,14.5312487180489,15.7114280182299,17.6048767493543
"417",2008-12-22,665,0,6.12103733640561,7.02169290732379,6.01619019254607,6.76988335961568,5.89891255719828,6.33536511867331,0,1,FALSE,9.13242105138206,10.4637483180239,8.49064461383022,9.75612811910785,11.2213036126776,12.5234221739226,9.83372660578325,11.019565940396,9.4180420869228,13.6916003616033,15.5515289421034,15.3980209299507,14.9209263889282,14.5312487180489,15.7114280182299
"418",2008-12-29,454,0,4.21097870408671,6.12103733640561,7.02169290732379,6.01619019254607,6.76988335961568,5.89891255719828,0,1,FALSE,6.33536511867331,9.13242105138206,10.4637483180239,8.49064461383022,9.75612811910785,11.2213036126776,12.5234221739226,9.83372660578325,11.019565940396,9.4180420869228,13.6916003616033,15.5515289421034,15.3980209299507,14.9209263889282,14.5312487180489
"419",2009-01-05,1005,0,3.27730234136429,4.21097870408671,6.12103733640561,7.02169290732379,6.01619019254607,6.76988335961568,1,0,FALSE,5.89891255719828,6.33536511867331,9.13242105138206,10.4637483180239,8.49064461383022,9.75612811910785,11.2213036126776,12.5234221739226,9.83372660578325,11.019565940396,9.4180420869228,13.6916003616033,15.5515289421034,15.3980209299507,14.9209263889282
"420",2009-01-12,1426,0,5.07400357469329,3.27730234136429,4.21097870408671,6.12103733640561,7.02169290732379,6.01619019254607,1,0,FALSE,6.76988335961568,5.89891255719828,6.33536511867331,9.13242105138206,10.4637483180239,8.49064461383022,9.75612811910785,11.2213036126776,12.5234221739226,9.83372660578325,11.019565940396,9.4180420869228,13.6916003616033,15.5515289421034,15.3980209299507
"421",2009-01-19,908,0,6.13043329898515,5.07400357469329,3.27730234136429,4.21097870408671,6.12103733640561,7.02169290732379,0,0,FALSE,6.01619019254607,6.76988335961568,5.89891255719828,6.33536511867331,9.13242105138206,10.4637483180239,8.49064461383022,9.75612811910785,11.2213036126776,12.5234221739226,9.83372660578325,11.019565940396,9.4180420869228,13.6916003616033,15.5515289421034
"422",2009-01-26,713,0,4.81660867528044,6.13043329898515,5.07400357469329,3.27730234136429,4.21097870408671,6.12103733640561,0,0,FALSE,7.02169290732379,6.01619019254607,6.76988335961568,5.89891255719828,6.33536511867331,9.13242105138206,10.4637483180239,8.49064461383022,9.75612811910785,11.2213036126776,12.5234221739226,9.83372660578325,11.019565940396,9.4180420869228,13.6916003616033
"423",2009-02-02,703,0,5.93564475839765,4.81660867528044,6.13043329898515,5.07400357469329,3.27730234136429,4.21097870408671,0,0,FALSE,6.12103733640561,7.02169290732379,6.01619019254607,6.76988335961568,5.89891255719828,6.33536511867331,9.13242105138206,10.4637483180239,8.49064461383022,9.75612811910785,11.2213036126776,12.5234221739226,9.83372660578325,11.019565940396,9.4180420869228
"424",2009-02-09,765,0,5.12510846392883,5.93564475839765,4.81660867528044,6.13043329898515,5.07400357469329,3.27730234136429,0,0,FALSE,4.21097870408671,6.12103733640561,7.02169290732379,6.01619019254607,6.76988335961568,5.89891255719828,6.33536511867331,9.13242105138206,10.4637483180239,8.49064461383022,9.75612811910785,11.2213036126776,12.5234221739226,9.83372660578325,11.019565940396
"425",2009-02-16,745,0,5.45427016568401,5.12510846392883,5.93564475839765,4.81660867528044,6.13043329898515,5.07400357469329,0,0,FALSE,3.27730234136429,4.21097870408671,6.12103733640561,7.02169290732379,6.01619019254607,6.76988335961568,5.89891255719828,6.33536511867331,9.13242105138206,10.4637483180239,8.49064461383022,9.75612811910785,11.2213036126776,12.5234221739226,9.83372660578325
"426",2009-02-23,710,0,7.1734399900878,5.45427016568401,5.12510846392883,5.93564475839765,4.81660867528044,6.13043329898515,0,0,FALSE,5.07400357469329,3.27730234136429,4.21097870408671,6.12103733640561,7.02169290732379,6.01619019254607,6.76988335961568,5.89891255719828,6.33536511867331,9.13242105138206,10.4637483180239,8.49064461383022,9.75612811910785,11.2213036126776,12.5234221739226
"427",2009-03-02,775,0,7.32475749839745,7.1734399900878,5.45427016568401,5.12510846392883,5.93564475839765,4.81660867528044,0,0,FALSE,6.13043329898515,5.07400357469329,3.27730234136429,4.21097870408671,6.12103733640561,7.02169290732379,6.01619019254607,6.76988335961568,5.89891255719828,6.33536511867331,9.13242105138206,10.4637483180239,8.49064461383022,9.75612811910785,11.2213036126776
"428",2009-03-09,816,0,7.53277665774295,7.32475749839745,7.1734399900878,5.45427016568401,5.12510846392883,5.93564475839765,0,0,FALSE,4.81660867528044,6.13043329898515,5.07400357469329,3.27730234136429,4.21097870408671,6.12103733640561,7.02169290732379,6.01619019254607,6.76988335961568,5.89891255719828,6.33536511867331,9.13242105138206,10.4637483180239,8.49064461383022,9.75612811910785
"429",2009-03-16,758,0,6.0404040445901,7.53277665774295,7.32475749839745,7.1734399900878,5.45427016568401,5.12510846392883,0,0,FALSE,5.93564475839765,4.81660867528044,6.13043329898515,5.07400357469329,3.27730234136429,4.21097870408671,6.12103733640561,7.02169290732379,6.01619019254607,6.76988335961568,5.89891255719828,6.33536511867331,9.13242105138206,10.4637483180239,8.49064461383022
"430",2009-03-23,924,0,6.95734200268397,6.0404040445901,7.53277665774295,7.32475749839745,7.1734399900878,5.45427016568401,0,0,FALSE,5.12510846392883,5.93564475839765,4.81660867528044,6.13043329898515,5.07400357469329,3.27730234136429,4.21097870408671,6.12103733640561,7.02169290732379,6.01619019254607,6.76988335961568,5.89891255719828,6.33536511867331,9.13242105138206,10.4637483180239
"431",2009-03-30,887,0,8.60699340255997,6.95734200268397,6.0404040445901,7.53277665774295,7.32475749839745,7.1734399900878,0,0,FALSE,5.45427016568401,5.12510846392883,5.93564475839765,4.81660867528044,6.13043329898515,5.07400357469329,3.27730234136429,4.21097870408671,6.12103733640561,7.02169290732379,6.01619019254607,6.76988335961568,5.89891255719828,6.33536511867331,9.13242105138206
"432",2009-04-06,825,0,10.173134708365,8.60699340255997,6.95734200268397,6.0404040445901,7.53277665774295,7.32475749839745,0,0,FALSE,7.1734399900878,5.45427016568401,5.12510846392883,5.93564475839765,4.81660867528044,6.13043329898515,5.07400357469329,3.27730234136429,4.21097870408671,6.12103733640561,7.02169290732379,6.01619019254607,6.76988335961568,5.89891255719828,6.33536511867331
"433",2009-04-13,680,0,9.54445893665455,10.173134708365,8.60699340255997,6.95734200268397,6.0404040445901,7.53277665774295,0,0,FALSE,7.32475749839745,7.1734399900878,5.45427016568401,5.12510846392883,5.93564475839765,4.81660867528044,6.13043329898515,5.07400357469329,3.27730234136429,4.21097870408671,6.12103733640561,7.02169290732379,6.01619019254607,6.76988335961568,5.89891255719828
"434",2009-04-20,1041,0,8.67730498010043,9.54445893665455,10.173134708365,8.60699340255997,6.95734200268397,6.0404040445901,0,0,FALSE,7.53277665774295,7.32475749839745,7.1734399900878,5.45427016568401,5.12510846392883,5.93564475839765,4.81660867528044,6.13043329898515,5.07400357469329,3.27730234136429,4.21097870408671,6.12103733640561,7.02169290732379,6.01619019254607,6.76988335961568
"435",2009-04-27,1021,0,10.7451486602839,8.67730498010043,9.54445893665455,10.173134708365,8.60699340255997,6.95734200268397,0,0,FALSE,6.0404040445901,7.53277665774295,7.32475749839745,7.1734399900878,5.45427016568401,5.12510846392883,5.93564475839765,4.81660867528044,6.13043329898515,5.07400357469329,3.27730234136429,4.21097870408671,6.12103733640561,7.02169290732379,6.01619019254607
"436",2009-05-04,1098,0,10.65598148834,10.7451486602839,8.67730498010043,9.54445893665455,10.173134708365,8.60699340255997,0,0,FALSE,6.95734200268397,6.0404040445901,7.53277665774295,7.32475749839745,7.1734399900878,5.45427016568401,5.12510846392883,5.93564475839765,4.81660867528044,6.13043329898515,5.07400357469329,3.27730234136429,4.21097870408671,6.12103733640561,7.02169290732379
"437",2009-05-11,1165,0,11.1925804672861,10.65598148834,10.7451486602839,8.67730498010043,9.54445893665455,10.173134708365,0,0,FALSE,8.60699340255997,6.95734200268397,6.0404040445901,7.53277665774295,7.32475749839745,7.1734399900878,5.45427016568401,5.12510846392883,5.93564475839765,4.81660867528044,6.13043329898515,5.07400357469329,3.27730234136429,4.21097870408671,6.12103733640561
"438",2009-05-18,952,0,12.9105893219864,11.1925804672861,10.65598148834,10.7451486602839,8.67730498010043,9.54445893665455,0,0,FALSE,10.173134708365,8.60699340255997,6.95734200268397,6.0404040445901,7.53277665774295,7.32475749839745,7.1734399900878,5.45427016568401,5.12510846392883,5.93564475839765,4.81660867528044,6.13043329898515,5.07400357469329,3.27730234136429,4.21097870408671
"439",2009-05-25,1239,0,12.2209830363727,12.9105893219864,11.1925804672861,10.65598148834,10.7451486602839,8.67730498010043,0,0,FALSE,9.54445893665455,10.173134708365,8.60699340255997,6.95734200268397,6.0404040445901,7.53277665774295,7.32475749839745,7.1734399900878,5.45427016568401,5.12510846392883,5.93564475839765,4.81660867528044,6.13043329898515,5.07400357469329,3.27730234136429
"440",2009-06-01,1165,0,10.5212331099846,12.2209830363727,12.9105893219864,11.1925804672861,10.65598148834,10.7451486602839,0,0,FALSE,8.67730498010043,9.54445893665455,10.173134708365,8.60699340255997,6.95734200268397,6.0404040445901,7.53277665774295,7.32475749839745,7.1734399900878,5.45427016568401,5.12510846392883,5.93564475839765,4.81660867528044,6.13043329898515,5.07400357469329
"441",2009-06-08,1276,0,12.174228860917,10.5212331099846,12.2209830363727,12.9105893219864,11.1925804672861,10.65598148834,0,0,FALSE,10.7451486602839,8.67730498010043,9.54445893665455,10.173134708365,8.60699340255997,6.95734200268397,6.0404040445901,7.53277665774295,7.32475749839745,7.1734399900878,5.45427016568401,5.12510846392883,5.93564475839765,4.81660867528044,6.13043329898515
"442",2009-06-15,1537,0,12.9034405324265,12.174228860917,10.5212331099846,12.2209830363727,12.9105893219864,11.1925804672861,0,0,FALSE,10.65598148834,10.7451486602839,8.67730498010043,9.54445893665455,10.173134708365,8.60699340255997,6.95734200268397,6.0404040445901,7.53277665774295,7.32475749839745,7.1734399900878,5.45427016568401,5.12510846392883,5.93564475839765,4.81660867528044
"443",2009-06-22,1934,0,15.319778829703,12.9034405324265,12.174228860917,10.5212331099846,12.2209830363727,12.9105893219864,0,0,FALSE,11.1925804672861,10.65598148834,10.7451486602839,8.67730498010043,9.54445893665455,10.173134708365,8.60699340255997,6.95734200268397,6.0404040445901,7.53277665774295,7.32475749839745,7.1734399900878,5.45427016568401,5.12510846392883,5.93564475839765
"444",2009-06-29,1719,0,18.9076813775208,15.319778829703,12.9034405324265,12.174228860917,10.5212331099846,12.2209830363727,0,0,FALSE,12.9105893219864,11.1925804672861,10.65598148834,10.7451486602839,8.67730498010043,9.54445893665455,10.173134708365,8.60699340255997,6.95734200268397,6.0404040445901,7.53277665774295,7.32475749839745,7.1734399900878,5.45427016568401,5.12510846392883
"445",2009-07-06,1949,0,14.0761170202002,18.9076813775208,15.319778829703,12.9034405324265,12.174228860917,10.5212331099846,0,0,FALSE,12.2209830363727,12.9105893219864,11.1925804672861,10.65598148834,10.7451486602839,8.67730498010043,9.54445893665455,10.173134708365,8.60699340255997,6.95734200268397,6.0404040445901,7.53277665774295,7.32475749839745,7.1734399900878,5.45427016568401
"446",2009-07-13,1787,0,16.7894514400364,14.0761170202002,18.9076813775208,15.319778829703,12.9034405324265,12.174228860917,0,0,FALSE,10.5212331099846,12.2209830363727,12.9105893219864,11.1925804672861,10.65598148834,10.7451486602839,8.67730498010043,9.54445893665455,10.173134708365,8.60699340255997,6.95734200268397,6.0404040445901,7.53277665774295,7.32475749839745,7.1734399900878
"447",2009-07-20,1645,0,15.8366495913092,16.7894514400364,14.0761170202002,18.9076813775208,15.319778829703,12.9034405324265,0,0,FALSE,12.174228860917,10.5212331099846,12.2209830363727,12.9105893219864,11.1925804672861,10.65598148834,10.7451486602839,8.67730498010043,9.54445893665455,10.173134708365,8.60699340255997,6.95734200268397,6.0404040445901,7.53277665774295,7.32475749839745
"448",2009-07-27,1764,0,14.3753370055428,15.8366495913092,16.7894514400364,14.0761170202002,18.9076813775208,15.319778829703,0,0,FALSE,12.9034405324265,12.174228860917,10.5212331099846,12.2209830363727,12.9105893219864,11.1925804672861,10.65598148834,10.7451486602839,8.67730498010043,9.54445893665455,10.173134708365,8.60699340255997,6.95734200268397,6.0404040445901,7.53277665774295
"449",2009-08-03,1675,0,15.9455269198293,14.3753370055428,15.8366495913092,16.7894514400364,14.0761170202002,18.9076813775208,0,0,FALSE,15.319778829703,12.9034405324265,12.174228860917,10.5212331099846,12.2209830363727,12.9105893219864,11.1925804672861,10.65598148834,10.7451486602839,8.67730498010043,9.54445893665455,10.173134708365,8.60699340255997,6.95734200268397,6.0404040445901
"450",2009-08-10,1884,0,16.0413262328192,15.9455269198293,14.3753370055428,15.8366495913092,16.7894514400364,14.0761170202002,0,0,FALSE,18.9076813775208,15.319778829703,12.9034405324265,12.174228860917,10.5212331099846,12.2209830363727,12.9105893219864,11.1925804672861,10.65598148834,10.7451486602839,8.67730498010043,9.54445893665455,10.173134708365,8.60699340255997,6.95734200268397
"451",2009-08-17,1914,0,15.7230644083663,16.0413262328192,15.9455269198293,14.3753370055428,15.8366495913092,16.7894514400364,0,0,FALSE,14.0761170202002,18.9076813775208,15.319778829703,12.9034405324265,12.174228860917,10.5212331099846,12.2209830363727,12.9105893219864,11.1925804672861,10.65598148834,10.7451486602839,8.67730498010043,9.54445893665455,10.173134708365,8.60699340255997
"452",2009-08-24,1850,0,14.7729549286497,15.7230644083663,16.0413262328192,15.9455269198293,14.3753370055428,15.8366495913092,0,0,FALSE,16.7894514400364,14.0761170202002,18.9076813775208,15.319778829703,12.9034405324265,12.174228860917,10.5212331099846,12.2209830363727,12.9105893219864,11.1925804672861,10.65598148834,10.7451486602839,8.67730498010043,9.54445893665455,10.173134708365
"453",2009-08-31,1825,0,13.5257414316338,14.7729549286497,15.7230644083663,16.0413262328192,15.9455269198293,14.3753370055428,0,0,FALSE,15.8366495913092,16.7894514400364,14.0761170202002,18.9076813775208,15.319778829703,12.9034405324265,12.174228860917,10.5212331099846,12.2209830363727,12.9105893219864,11.1925804672861,10.65598148834,10.7451486602839,8.67730498010043,9.54445893665455
"454",2009-09-07,1644,0,13.0477855238154,13.5257414316338,14.7729549286497,15.7230644083663,16.0413262328192,15.9455269198293,0,0,FALSE,14.3753370055428,15.8366495913092,16.7894514400364,14.0761170202002,18.9076813775208,15.319778829703,12.9034405324265,12.174228860917,10.5212331099846,12.2209830363727,12.9105893219864,11.1925804672861,10.65598148834,10.7451486602839,8.67730498010043
"455",2009-09-14,1548,0,14.0713849065315,13.0477855238154,13.5257414316338,14.7729549286497,15.7230644083663,16.0413262328192,0,0,FALSE,15.9455269198293,14.3753370055428,15.8366495913092,16.7894514400364,14.0761170202002,18.9076813775208,15.319778829703,12.9034405324265,12.174228860917,10.5212331099846,12.2209830363727,12.9105893219864,11.1925804672861,10.65598148834,10.7451486602839
"456",2009-09-21,1370,0,13.1337012669442,14.0713849065315,13.0477855238154,13.5257414316338,14.7729549286497,15.7230644083663,0,0,FALSE,16.0413262328192,15.9455269198293,14.3753370055428,15.8366495913092,16.7894514400364,14.0761170202002,18.9076813775208,15.319778829703,12.9034405324265,12.174228860917,10.5212331099846,12.2209830363727,12.9105893219864,11.1925804672861,10.65598148834
"457",2009-09-28,1391,0,11.3509120983178,13.1337012669442,14.0713849065315,13.0477855238154,13.5257414316338,14.7729549286497,0,0,FALSE,15.7230644083663,16.0413262328192,15.9455269198293,14.3753370055428,15.8366495913092,16.7894514400364,14.0761170202002,18.9076813775208,15.319778829703,12.9034405324265,12.174228860917,10.5212331099846,12.2209830363727,12.9105893219864,11.1925804672861
"458",2009-10-05,1323,0,12.5402351046792,11.3509120983178,13.1337012669442,14.0713849065315,13.0477855238154,13.5257414316338,0,0,FALSE,14.7729549286497,15.7230644083663,16.0413262328192,15.9455269198293,14.3753370055428,15.8366495913092,16.7894514400364,14.0761170202002,18.9076813775208,15.319778829703,12.9034405324265,12.174228860917,10.5212331099846,12.2209830363727,12.9105893219864
"459",2009-10-12,1154,0,7.31449829376616,12.5402351046792,11.3509120983178,13.1337012669442,14.0713849065315,13.0477855238154,0,0,FALSE,13.5257414316338,14.7729549286497,15.7230644083663,16.0413262328192,15.9455269198293,14.3753370055428,15.8366495913092,16.7894514400364,14.0761170202002,18.9076813775208,15.319778829703,12.9034405324265,12.174228860917,10.5212331099846,12.2209830363727
"460",2009-10-19,1106,0,8.6119005175036,7.31449829376616,12.5402351046792,11.3509120983178,13.1337012669442,14.0713849065315,0,0,FALSE,13.0477855238154,13.5257414316338,14.7729549286497,15.7230644083663,16.0413262328192,15.9455269198293,14.3753370055428,15.8366495913092,16.7894514400364,14.0761170202002,18.9076813775208,15.319778829703,12.9034405324265,12.174228860917,10.5212331099846
"461",2009-10-26,1168,0,9.363489205402,8.6119005175036,7.31449829376616,12.5402351046792,11.3509120983178,13.1337012669442,0,0,FALSE,14.0713849065315,13.0477855238154,13.5257414316338,14.7729549286497,15.7230644083663,16.0413262328192,15.9455269198293,14.3753370055428,15.8366495913092,16.7894514400364,14.0761170202002,18.9076813775208,15.319778829703,12.9034405324265,12.174228860917
"462",2009-11-02,1186,0,8.35276301977484,9.363489205402,8.6119005175036,7.31449829376616,12.5402351046792,11.3509120983178,0,0,FALSE,13.1337012669442,14.0713849065315,13.0477855238154,13.5257414316338,14.7729549286497,15.7230644083663,16.0413262328192,15.9455269198293,14.3753370055428,15.8366495913092,16.7894514400364,14.0761170202002,18.9076813775208,15.319778829703,12.9034405324265
"463",2009-11-09,1090,0,9.03117443236105,8.35276301977484,9.363489205402,8.6119005175036,7.31449829376616,12.5402351046792,0,0,FALSE,11.3509120983178,13.1337012669442,14.0713849065315,13.0477855238154,13.5257414316338,14.7729549286497,15.7230644083663,16.0413262328192,15.9455269198293,14.3753370055428,15.8366495913092,16.7894514400364,14.0761170202002,18.9076813775208,15.319778829703
"464",2009-11-16,1019,0,9.9796337380658,9.03117443236105,8.35276301977484,9.363489205402,8.6119005175036,7.31449829376616,0,0,FALSE,12.5402351046792,11.3509120983178,13.1337012669442,14.0713849065315,13.0477855238154,13.5257414316338,14.7729549286497,15.7230644083663,16.0413262328192,15.9455269198293,14.3753370055428,15.8366495913092,16.7894514400364,14.0761170202002,18.9076813775208
"465",2009-11-23,1112,0,8.71905627394943,9.9796337380658,9.03117443236105,8.35276301977484,9.363489205402,8.6119005175036,0,0,FALSE,7.31449829376616,12.5402351046792,11.3509120983178,13.1337012669442,14.0713849065315,13.0477855238154,13.5257414316338,14.7729549286497,15.7230644083663,16.0413262328192,15.9455269198293,14.3753370055428,15.8366495913092,16.7894514400364,14.0761170202002
"466",2009-11-30,1048,0,7.29615456736195,8.71905627394943,9.9796337380658,9.03117443236105,8.35276301977484,9.363489205402,0,0,FALSE,8.6119005175036,7.31449829376616,12.5402351046792,11.3509120983178,13.1337012669442,14.0713849065315,13.0477855238154,13.5257414316338,14.7729549286497,15.7230644083663,16.0413262328192,15.9455269198293,14.3753370055428,15.8366495913092,16.7894514400364
"467",2009-12-07,1021,0,7.37979742384269,7.29615456736195,8.71905627394943,9.9796337380658,9.03117443236105,8.35276301977484,0,0,FALSE,9.363489205402,8.6119005175036,7.31449829376616,12.5402351046792,11.3509120983178,13.1337012669442,14.0713849065315,13.0477855238154,13.5257414316338,14.7729549286497,15.7230644083663,16.0413262328192,15.9455269198293,14.3753370055428,15.8366495913092
"468",2009-12-14,1004,0,3.45581384591574,7.37979742384269,7.29615456736195,8.71905627394943,9.9796337380658,9.03117443236105,0,0,FALSE,8.35276301977484,9.363489205402,8.6119005175036,7.31449829376616,12.5402351046792,11.3509120983178,13.1337012669442,14.0713849065315,13.0477855238154,13.5257414316338,14.7729549286497,15.7230644083663,16.0413262328192,15.9455269198293,14.3753370055428
"469",2009-12-21,651,0,5.78148070973629,3.45581384591574,7.37979742384269,7.29615456736195,8.71905627394943,9.9796337380658,0,1,FALSE,9.03117443236105,8.35276301977484,9.363489205402,8.6119005175036,7.31449829376616,12.5402351046792,11.3509120983178,13.1337012669442,14.0713849065315,13.0477855238154,13.5257414316338,14.7729549286497,15.7230644083663,16.0413262328192,15.9455269198293
"470",2009-12-28,459,0,5.61539430791494,5.78148070973629,3.45581384591574,7.37979742384269,7.29615456736195,8.71905627394943,0,1,FALSE,9.9796337380658,9.03117443236105,8.35276301977484,9.363489205402,8.6119005175036,7.31449829376616,12.5402351046792,11.3509120983178,13.1337012669442,14.0713849065315,13.0477855238154,13.5257414316338,14.7729549286497,15.7230644083663,16.0413262328192
"471",2010-01-04,1074,0,3.83001739585727,5.61539430791494,5.78148070973629,3.45581384591574,7.37979742384269,7.29615456736195,1,0,FALSE,8.71905627394943,9.9796337380658,9.03117443236105,8.35276301977484,9.363489205402,8.6119005175036,7.31449829376616,12.5402351046792,11.3509120983178,13.1337012669442,14.0713849065315,13.0477855238154,13.5257414316338,14.7729549286497,15.7230644083663
"472",2010-01-11,1388,0,4.65539735565706,3.83001739585727,5.61539430791494,5.78148070973629,3.45581384591574,7.37979742384269,1,0,FALSE,7.29615456736195,8.71905627394943,9.9796337380658,9.03117443236105,8.35276301977484,9.363489205402,8.6119005175036,7.31449829376616,12.5402351046792,11.3509120983178,13.1337012669442,14.0713849065315,13.0477855238154,13.5257414316338,14.7729549286497
"473",2010-01-18,897,0,4.75053589343208,4.65539735565706,3.83001739585727,5.61539430791494,5.78148070973629,3.45581384591574,0,0,FALSE,7.37979742384269,7.29615456736195,8.71905627394943,9.9796337380658,9.03117443236105,8.35276301977484,9.363489205402,8.6119005175036,7.31449829376616,12.5402351046792,11.3509120983178,13.1337012669442,14.0713849065315,13.0477855238154,13.5257414316338
"474",2010-01-25,751,0,4.0607505034555,4.75053589343208,4.65539735565706,3.83001739585727,5.61539430791494,5.78148070973629,0,0,FALSE,3.45581384591574,7.37979742384269,7.29615456736195,8.71905627394943,9.9796337380658,9.03117443236105,8.35276301977484,9.363489205402,8.6119005175036,7.31449829376616,12.5402351046792,11.3509120983178,13.1337012669442,14.0713849065315,13.0477855238154
"475",2010-02-01,687,0,5.36362051789401,4.0607505034555,4.75053589343208,4.65539735565706,3.83001739585727,5.61539430791494,0,0,FALSE,5.78148070973629,3.45581384591574,7.37979742384269,7.29615456736195,8.71905627394943,9.9796337380658,9.03117443236105,8.35276301977484,9.363489205402,8.6119005175036,7.31449829376616,12.5402351046792,11.3509120983178,13.1337012669442,14.0713849065315
"476",2010-02-08,663,0,3.84422539083337,5.36362051789401,4.0607505034555,4.75053589343208,4.65539735565706,3.83001739585727,0,0,FALSE,5.61539430791494,5.78148070973629,3.45581384591574,7.37979742384269,7.29615456736195,8.71905627394943,9.9796337380658,9.03117443236105,8.35276301977484,9.363489205402,8.6119005175036,7.31449829376616,12.5402351046792,11.3509120983178,13.1337012669442
"477",2010-02-15,652,0,4.8791016639674,3.84422539083337,5.36362051789401,4.0607505034555,4.75053589343208,4.65539735565706,0,0,FALSE,3.83001739585727,5.61539430791494,5.78148070973629,3.45581384591574,7.37979742384269,7.29615456736195,8.71905627394943,9.9796337380658,9.03117443236105,8.35276301977484,9.363489205402,8.6119005175036,7.31449829376616,12.5402351046792,11.3509120983178
"478",2010-02-22,681,0,6.97350646261276,4.8791016639674,3.84422539083337,5.36362051789401,4.0607505034555,4.75053589343208,0,0,FALSE,4.65539735565706,3.83001739585727,5.61539430791494,5.78148070973629,3.45581384591574,7.37979742384269,7.29615456736195,8.71905627394943,9.9796337380658,9.03117443236105,8.35276301977484,9.363489205402,8.6119005175036,7.31449829376616,12.5402351046792
"479",2010-03-01,794,0,4.55699820998074,6.97350646261276,4.8791016639674,3.84422539083337,5.36362051789401,4.0607505034555,0,0,FALSE,4.75053589343208,4.65539735565706,3.83001739585727,5.61539430791494,5.78148070973629,3.45581384591574,7.37979742384269,7.29615456736195,8.71905627394943,9.9796337380658,9.03117443236105,8.35276301977484,9.363489205402,8.6119005175036,7.31449829376616
"480",2010-03-08,783,0,4.7546188848089,4.55699820998074,6.97350646261276,4.8791016639674,3.84422539083337,5.36362051789401,0,0,FALSE,4.0607505034555,4.75053589343208,4.65539735565706,3.83001739585727,5.61539430791494,5.78148070973629,3.45581384591574,7.37979742384269,7.29615456736195,8.71905627394943,9.9796337380658,9.03117443236105,8.35276301977484,9.363489205402,8.6119005175036
"481",2010-03-15,856,0,8.07846093172936,4.7546188848089,4.55699820998074,6.97350646261276,4.8791016639674,3.84422539083337,0,0,FALSE,5.36362051789401,4.0607505034555,4.75053589343208,4.65539735565706,3.83001739585727,5.61539430791494,5.78148070973629,3.45581384591574,7.37979742384269,7.29615456736195,8.71905627394943,9.9796337380658,9.03117443236105,8.35276301977484,9.363489205402
"482",2010-03-22,889,0,8.76854034363035,8.07846093172936,4.7546188848089,4.55699820998074,6.97350646261276,4.8791016639674,0,0,FALSE,3.84422539083337,5.36362051789401,4.0607505034555,4.75053589343208,4.65539735565706,3.83001739585727,5.61539430791494,5.78148070973629,3.45581384591574,7.37979742384269,7.29615456736195,8.71905627394943,9.9796337380658,9.03117443236105,8.35276301977484
"483",2010-03-29,752,0,6.66279165473067,8.76854034363035,8.07846093172936,4.7546188848089,4.55699820998074,6.97350646261276,0,0,FALSE,4.8791016639674,3.84422539083337,5.36362051789401,4.0607505034555,4.75053589343208,4.65539735565706,3.83001739585727,5.61539430791494,5.78148070973629,3.45581384591574,7.37979742384269,7.29615456736195,8.71905627394943,9.9796337380658,9.03117443236105
"484",2010-04-05,553,0,7.45951819432024,6.66279165473067,8.76854034363035,8.07846093172936,4.7546188848089,4.55699820998074,0,0,FALSE,6.97350646261276,4.8791016639674,3.84422539083337,5.36362051789401,4.0607505034555,4.75053589343208,4.65539735565706,3.83001739585727,5.61539430791494,5.78148070973629,3.45581384591574,7.37979742384269,7.29615456736195,8.71905627394943,9.9796337380658
"485",2010-04-12,909,0,7.51098565341568,7.45951819432024,6.66279165473067,8.76854034363035,8.07846093172936,4.7546188848089,0,0,FALSE,4.55699820998074,6.97350646261276,4.8791016639674,3.84422539083337,5.36362051789401,4.0607505034555,4.75053589343208,4.65539735565706,3.83001739585727,5.61539430791494,5.78148070973629,3.45581384591574,7.37979742384269,7.29615456736195,8.71905627394943
"486",2010-04-19,869,0,6.84696713780368,7.51098565341568,7.45951819432024,6.66279165473067,8.76854034363035,8.07846093172936,0,0,FALSE,4.7546188848089,4.55699820998074,6.97350646261276,4.8791016639674,3.84422539083337,5.36362051789401,4.0607505034555,4.75053589343208,4.65539735565706,3.83001739585727,5.61539430791494,5.78148070973629,3.45581384591574,7.37979742384269,7.29615456736195
"487",2010-04-26,863,0,10.6051102116299,6.84696713780368,7.51098565341568,7.45951819432024,6.66279165473067,8.76854034363035,0,0,FALSE,8.07846093172936,4.7546188848089,4.55699820998074,6.97350646261276,4.8791016639674,3.84422539083337,5.36362051789401,4.0607505034555,4.75053589343208,4.65539735565706,3.83001739585727,5.61539430791494,5.78148070973629,3.45581384591574,7.37979742384269
"488",2010-05-03,943,0,9.02160524898857,10.6051102116299,6.84696713780368,7.51098565341568,7.45951819432024,6.66279165473067,0,0,FALSE,8.76854034363035,8.07846093172936,4.7546188848089,4.55699820998074,6.97350646261276,4.8791016639674,3.84422539083337,5.36362051789401,4.0607505034555,4.75053589343208,4.65539735565706,3.83001739585727,5.61539430791494,5.78148070973629,3.45581384591574
"489",2010-05-10,863,0,9.44920756743282,9.02160524898857,10.6051102116299,6.84696713780368,7.51098565341568,7.45951819432024,0,0,FALSE,6.66279165473067,8.76854034363035,8.07846093172936,4.7546188848089,4.55699820998074,6.97350646261276,4.8791016639674,3.84422539083337,5.36362051789401,4.0607505034555,4.75053589343208,4.65539735565706,3.83001739585727,5.61539430791494,5.78148070973629
"490",2010-05-17,1041,0,11.2000845819759,9.44920756743282,9.02160524898857,10.6051102116299,6.84696713780368,7.51098565341568,0,0,FALSE,7.45951819432024,6.66279165473067,8.76854034363035,8.07846093172936,4.7546188848089,4.55699820998074,6.97350646261276,4.8791016639674,3.84422539083337,5.36362051789401,4.0607505034555,4.75053589343208,4.65539735565706,3.83001739585727,5.61539430791494
"491",2010-05-24,1036,0,11.989803858328,11.2000845819759,9.44920756743282,9.02160524898857,10.6051102116299,6.84696713780368,0,0,FALSE,7.51098565341568,7.45951819432024,6.66279165473067,8.76854034363035,8.07846093172936,4.7546188848089,4.55699820998074,6.97350646261276,4.8791016639674,3.84422539083337,5.36362051789401,4.0607505034555,4.75053589343208,4.65539735565706,3.83001739585727
"492",2010-05-31,1624,0,12.5819033372736,11.989803858328,11.2000845819759,9.44920756743282,9.02160524898857,10.6051102116299,0,0,FALSE,6.84696713780368,7.51098565341568,7.45951819432024,6.66279165473067,8.76854034363035,8.07846093172936,4.7546188848089,4.55699820998074,6.97350646261276,4.8791016639674,3.84422539083337,5.36362051789401,4.0607505034555,4.75053589343208,4.65539735565706
"493",2010-06-07,1696,0,16.1094979795604,12.5819033372736,11.989803858328,11.2000845819759,9.44920756743282,9.02160524898857,0,0,FALSE,10.6051102116299,6.84696713780368,7.51098565341568,7.45951819432024,6.66279165473067,8.76854034363035,8.07846093172936,4.7546188848089,4.55699820998074,6.97350646261276,4.8791016639674,3.84422539083337,5.36362051789401,4.0607505034555,4.75053589343208
"494",2010-06-14,1887,0,11.6291394743439,16.1094979795604,12.5819033372736,11.989803858328,11.2000845819759,9.44920756743282,0,0,FALSE,9.02160524898857,10.6051102116299,6.84696713780368,7.51098565341568,7.45951819432024,6.66279165473067,8.76854034363035,8.07846093172936,4.7546188848089,4.55699820998074,6.97350646261276,4.8791016639674,3.84422539083337,5.36362051789401,4.0607505034555
"495",2010-06-21,1837,0,12.8241999945929,11.6291394743439,16.1094979795604,12.5819033372736,11.989803858328,11.2000845819759,0,0,FALSE,9.44920756743282,9.02160524898857,10.6051102116299,6.84696713780368,7.51098565341568,7.45951819432024,6.66279165473067,8.76854034363035,8.07846093172936,4.7546188848089,4.55699820998074,6.97350646261276,4.8791016639674,3.84422539083337,5.36362051789401
"496",2010-06-28,1875,0,16.7641605561229,12.8241999945929,11.6291394743439,16.1094979795604,12.5819033372736,11.989803858328,0,0,FALSE,11.2000845819759,9.44920756743282,9.02160524898857,10.6051102116299,6.84696713780368,7.51098565341568,7.45951819432024,6.66279165473067,8.76854034363035,8.07846093172936,4.7546188848089,4.55699820998074,6.97350646261276,4.8791016639674,3.84422539083337
"497",2010-07-05,2033,0,16.2089316930166,16.7641605561229,12.8241999945929,11.6291394743439,16.1094979795604,12.5819033372736,0,0,FALSE,11.989803858328,11.2000845819759,9.44920756743282,9.02160524898857,10.6051102116299,6.84696713780368,7.51098565341568,7.45951819432024,6.66279165473067,8.76854034363035,8.07846093172936,4.7546188848089,4.55699820998074,6.97350646261276,4.8791016639674
"498",2010-07-12,2021,0,17.952904472152,16.2089316930166,16.7641605561229,12.8241999945929,11.6291394743439,16.1094979795604,0,0,FALSE,12.5819033372736,11.989803858328,11.2000845819759,9.44920756743282,9.02160524898857,10.6051102116299,6.84696713780368,7.51098565341568,7.45951819432024,6.66279165473067,8.76854034363035,8.07846093172936,4.7546188848089,4.55699820998074,6.97350646261276
"499",2010-07-19,2069,0,15.6192433181929,17.952904472152,16.2089316930166,16.7641605561229,12.8241999945929,11.6291394743439,0,0,FALSE,16.1094979795604,12.5819033372736,11.989803858328,11.2000845819759,9.44920756743282,9.02160524898857,10.6051102116299,6.84696713780368,7.51098565341568,7.45951819432024,6.66279165473067,8.76854034363035,8.07846093172936,4.7546188848089,4.55699820998074
"500",2010-07-26,2114,0,14.9802293864867,15.6192433181929,17.952904472152,16.2089316930166,16.7641605561229,12.8241999945929,0,0,FALSE,11.6291394743439,16.1094979795604,12.5819033372736,11.989803858328,11.2000845819759,9.44920756743282,9.02160524898857,10.6051102116299,6.84696713780368,7.51098565341568,7.45951819432024,6.66279165473067,8.76854034363035,8.07846093172936,4.7546188848089
"501",2010-08-02,1943,0,15.8545105634617,14.9802293864867,15.6192433181929,17.952904472152,16.2089316930166,16.7641605561229,0,0,FALSE,12.8241999945929,11.6291394743439,16.1094979795604,12.5819033372736,11.989803858328,11.2000845819759,9.44920756743282,9.02160524898857,10.6051102116299,6.84696713780368,7.51098565341568,7.45951819432024,6.66279165473067,8.76854034363035,8.07846093172936
"502",2010-08-09,1960,0,16.757462487236,15.8545105634617,14.9802293864867,15.6192433181929,17.952904472152,16.2089316930166,0,0,FALSE,16.7641605561229,12.8241999945929,11.6291394743439,16.1094979795604,12.5819033372736,11.989803858328,11.2000845819759,9.44920756743282,9.02160524898857,10.6051102116299,6.84696713780368,7.51098565341568,7.45951819432024,6.66279165473067,8.76854034363035
"503",2010-08-16,2045,0,16.2949154423001,16.757462487236,15.8545105634617,14.9802293864867,15.6192433181929,17.952904472152,0,0,FALSE,16.2089316930166,16.7641605561229,12.8241999945929,11.6291394743439,16.1094979795604,12.5819033372736,11.989803858328,11.2000845819759,9.44920756743282,9.02160524898857,10.6051102116299,6.84696713780368,7.51098565341568,7.45951819432024,6.66279165473067
"504",2010-08-23,1865,0,15.2174139296184,16.2949154423001,16.757462487236,15.8545105634617,14.9802293864867,15.6192433181929,0,0,FALSE,17.952904472152,16.2089316930166,16.7641605561229,12.8241999945929,11.6291394743439,16.1094979795604,12.5819033372736,11.989803858328,11.2000845819759,9.44920756743282,9.02160524898857,10.6051102116299,6.84696713780368,7.51098565341568,7.45951819432024
"505",2010-08-30,1781,0,11.9086648549151,15.2174139296184,16.2949154423001,16.757462487236,15.8545105634617,14.9802293864867,0,0,FALSE,15.6192433181929,17.952904472152,16.2089316930166,16.7641605561229,12.8241999945929,11.6291394743439,16.1094979795604,12.5819033372736,11.989803858328,11.2000845819759,9.44920756743282,9.02160524898857,10.6051102116299,6.84696713780368,7.51098565341568
"506",2010-09-06,1589,0,13.269953999169,11.9086648549151,15.2174139296184,16.2949154423001,16.757462487236,15.8545105634617,0,0,FALSE,14.9802293864867,15.6192433181929,17.952904472152,16.2089316930166,16.7641605561229,12.8241999945929,11.6291394743439,16.1094979795604,12.5819033372736,11.989803858328,11.2000845819759,9.44920756743282,9.02160524898857,10.6051102116299,6.84696713780368
"507",2010-09-13,1464,0,11.783805948751,13.269953999169,11.9086648549151,15.2174139296184,16.2949154423001,16.757462487236,0,0,FALSE,15.8545105634617,14.9802293864867,15.6192433181929,17.952904472152,16.2089316930166,16.7641605561229,12.8241999945929,11.6291394743439,16.1094979795604,12.5819033372736,11.989803858328,11.2000845819759,9.44920756743282,9.02160524898857,10.6051102116299
"508",2010-09-20,1517,0,12.7291309692936,11.783805948751,13.269953999169,11.9086648549151,15.2174139296184,16.2949154423001,0,0,FALSE,16.757462487236,15.8545105634617,14.9802293864867,15.6192433181929,17.952904472152,16.2089316930166,16.7641605561229,12.8241999945929,11.6291394743439,16.1094979795604,12.5819033372736,11.989803858328,11.2000845819759,9.44920756743282,9.02160524898857
"509",2010-09-27,1460,0,11.1943616979517,12.7291309692936,11.783805948751,13.269953999169,11.9086648549151,15.2174139296184,0,0,FALSE,16.2949154423001,16.757462487236,15.8545105634617,14.9802293864867,15.6192433181929,17.952904472152,16.2089316930166,16.7641605561229,12.8241999945929,11.6291394743439,16.1094979795604,12.5819033372736,11.989803858328,11.2000845819759,9.44920756743282
"510",2010-10-04,1382,0,12.0451164738269,11.1943616979517,12.7291309692936,11.783805948751,13.269953999169,11.9086648549151,0,0,FALSE,15.2174139296184,16.2949154423001,16.757462487236,15.8545105634617,14.9802293864867,15.6192433181929,17.952904472152,16.2089316930166,16.7641605561229,12.8241999945929,11.6291394743439,16.1094979795604,12.5819033372736,11.989803858328,11.2000845819759
"511",2010-10-11,1450,0,8.58083707075276,12.0451164738269,11.1943616979517,12.7291309692936,11.783805948751,13.269953999169,0,0,FALSE,11.9086648549151,15.2174139296184,16.2949154423001,16.757462487236,15.8545105634617,14.9802293864867,15.6192433181929,17.952904472152,16.2089316930166,16.7641605561229,12.8241999945929,11.6291394743439,16.1094979795604,12.5819033372736,11.989803858328
"512",2010-10-18,1266,0,7.70241093235708,8.58083707075276,12.0451164738269,11.1943616979517,12.7291309692936,11.783805948751,0,0,FALSE,13.269953999169,11.9086648549151,15.2174139296184,16.2949154423001,16.757462487236,15.8545105634617,14.9802293864867,15.6192433181929,17.952904472152,16.2089316930166,16.7641605561229,12.8241999945929,11.6291394743439,16.1094979795604,12.5819033372736
"513",2010-10-25,1359,0,8.3180028440507,7.70241093235708,8.58083707075276,12.0451164738269,11.1943616979517,12.7291309692936,0,0,FALSE,11.783805948751,13.269953999169,11.9086648549151,15.2174139296184,16.2949154423001,16.757462487236,15.8545105634617,14.9802293864867,15.6192433181929,17.952904472152,16.2089316930166,16.7641605561229,12.8241999945929,11.6291394743439,16.1094979795604
"514",2010-11-01,1265,0,10.6358715106054,8.3180028440507,7.70241093235708,8.58083707075276,12.0451164738269,11.1943616979517,0,0,FALSE,12.7291309692936,11.783805948751,13.269953999169,11.9086648549151,15.2174139296184,16.2949154423001,16.757462487236,15.8545105634617,14.9802293864867,15.6192433181929,17.952904472152,16.2089316930166,16.7641605561229,12.8241999945929,11.6291394743439
"515",2010-11-08,1354,0,8.94748124074042,10.6358715106054,8.3180028440507,7.70241093235708,8.58083707075276,12.0451164738269,0,0,FALSE,11.1943616979517,12.7291309692936,11.783805948751,13.269953999169,11.9086648549151,15.2174139296184,16.2949154423001,16.757462487236,15.8545105634617,14.9802293864867,15.6192433181929,17.952904472152,16.2089316930166,16.7641605561229,12.8241999945929
"516",2010-11-15,1395,0,8.04077612335733,8.94748124074042,10.6358715106054,8.3180028440507,7.70241093235708,8.58083707075276,0,0,FALSE,12.0451164738269,11.1943616979517,12.7291309692936,11.783805948751,13.269953999169,11.9086648549151,15.2174139296184,16.2949154423001,16.757462487236,15.8545105634617,14.9802293864867,15.6192433181929,17.952904472152,16.2089316930166,16.7641605561229
"517",2010-11-22,1212,0,5.70490630479434,8.04077612335733,8.94748124074042,10.6358715106054,8.3180028440507,7.70241093235708,0,0,FALSE,8.58083707075276,12.0451164738269,11.1943616979517,12.7291309692936,11.783805948751,13.269953999169,11.9086648549151,15.2174139296184,16.2949154423001,16.757462487236,15.8545105634617,14.9802293864867,15.6192433181929,17.952904472152,16.2089316930166
"518",2010-11-29,1104,0,3.77592442822129,5.70490630479434,8.04077612335733,8.94748124074042,10.6358715106054,8.3180028440507,0,0,FALSE,7.70241093235708,8.58083707075276,12.0451164738269,11.1943616979517,12.7291309692936,11.783805948751,13.269953999169,11.9086648549151,15.2174139296184,16.2949154423001,16.757462487236,15.8545105634617,14.9802293864867,15.6192433181929,17.952904472152
"519",2010-12-06,1029,0,5.76019653562901,3.77592442822129,5.70490630479434,8.04077612335733,8.94748124074042,10.6358715106054,0,0,FALSE,8.3180028440507,7.70241093235708,8.58083707075276,12.0451164738269,11.1943616979517,12.7291309692936,11.783805948751,13.269953999169,11.9086648549151,15.2174139296184,16.2949154423001,16.757462487236,15.8545105634617,14.9802293864867,15.6192433181929
"520",2010-12-13,955,0,3.83978415276108,5.76019653562901,3.77592442822129,5.70490630479434,8.04077612335733,8.94748124074042,0,0,FALSE,10.6358715106054,8.3180028440507,7.70241093235708,8.58083707075276,12.0451164738269,11.1943616979517,12.7291309692936,11.783805948751,13.269953999169,11.9086648549151,15.2174139296184,16.2949154423001,16.757462487236,15.8545105634617,14.9802293864867
"521",2010-12-20,690,0,4.65944684544205,3.83978415276108,5.76019653562901,3.77592442822129,5.70490630479434,8.04077612335733,0,1,FALSE,8.94748124074042,10.6358715106054,8.3180028440507,7.70241093235708,8.58083707075276,12.0451164738269,11.1943616979517,12.7291309692936,11.783805948751,13.269953999169,11.9086648549151,15.2174139296184,16.2949154423001,16.757462487236,15.8545105634617
"522",2010-12-27,556,0,4.54972014120361,4.65944684544205,3.83978415276108,5.76019653562901,3.77592442822129,5.70490630479434,0,1,FALSE,8.04077612335733,8.94748124074042,10.6358715106054,8.3180028440507,7.70241093235708,8.58083707075276,12.0451164738269,11.1943616979517,12.7291309692936,11.783805948751,13.269953999169,11.9086648549151,15.2174139296184,16.2949154423001,16.757462487236
"523",2011-01-03,878,0,6.19919675093749,4.54972014120361,4.65944684544205,3.83978415276108,5.76019653562901,3.77592442822129,1,0,FALSE,5.70490630479434,8.04077612335733,8.94748124074042,10.6358715106054,8.3180028440507,7.70241093235708,8.58083707075276,12.0451164738269,11.1943616979517,12.7291309692936,11.783805948751,13.269953999169,11.9086648549151,15.2174139296184,16.2949154423001
"524",2011-01-10,1249,0,8.10739481713771,6.19919675093749,4.54972014120361,4.65944684544205,3.83978415276108,5.76019653562901,1,0,FALSE,3.77592442822129,5.70490630479434,8.04077612335733,8.94748124074042,10.6358715106054,8.3180028440507,7.70241093235708,8.58083707075276,12.0451164738269,11.1943616979517,12.7291309692936,11.783805948751,13.269953999169,11.9086648549151,15.2174139296184
"525",2011-01-17,924,0,6.08396053169121,8.10739481713771,6.19919675093749,4.54972014120361,4.65944684544205,3.83978415276108,0,0,FALSE,5.76019653562901,3.77592442822129,5.70490630479434,8.04077612335733,8.94748124074042,10.6358715106054,8.3180028440507,7.70241093235708,8.58083707075276,12.0451164738269,11.1943616979517,12.7291309692936,11.783805948751,13.269953999169,11.9086648549151
"526",2011-01-24,745,0,5.00091487243155,6.08396053169121,8.10739481713771,6.19919675093749,4.54972014120361,4.65944684544205,0,0,FALSE,3.83978415276108,5.76019653562901,3.77592442822129,5.70490630479434,8.04077612335733,8.94748124074042,10.6358715106054,8.3180028440507,7.70241093235708,8.58083707075276,12.0451164738269,11.1943616979517,12.7291309692936,11.783805948751,13.269953999169
"527",2011-01-31,763,0,6.18438492121995,5.00091487243155,6.08396053169121,8.10739481713771,6.19919675093749,4.54972014120361,0,0,FALSE,4.65944684544205,3.83978415276108,5.76019653562901,3.77592442822129,5.70490630479434,8.04077612335733,8.94748124074042,10.6358715106054,8.3180028440507,7.70241093235708,8.58083707075276,12.0451164738269,11.1943616979517,12.7291309692936,11.783805948751
"528",2011-02-07,860,0,6.53699231814402,6.18438492121995,5.00091487243155,6.08396053169121,8.10739481713771,6.19919675093749,0,0,FALSE,4.54972014120361,4.65944684544205,3.83978415276108,5.76019653562901,3.77592442822129,5.70490630479434,8.04077612335733,8.94748124074042,10.6358715106054,8.3180028440507,7.70241093235708,8.58083707075276,12.0451164738269,11.1943616979517,12.7291309692936
"529",2011-02-14,832,0,5.18268040433658,6.53699231814402,6.18438492121995,5.00091487243155,6.08396053169121,8.10739481713771,0,0,FALSE,6.19919675093749,4.54972014120361,4.65944684544205,3.83978415276108,5.76019653562901,3.77592442822129,5.70490630479434,8.04077612335733,8.94748124074042,10.6358715106054,8.3180028440507,7.70241093235708,8.58083707075276,12.0451164738269,11.1943616979517
"530",2011-02-21,754,0,3.96187889620386,5.18268040433658,6.53699231814402,6.18438492121995,5.00091487243155,6.08396053169121,0,0,FALSE,8.10739481713771,6.19919675093749,4.54972014120361,4.65944684544205,3.83978415276108,5.76019653562901,3.77592442822129,5.70490630479434,8.04077612335733,8.94748124074042,10.6358715106054,8.3180028440507,7.70241093235708,8.58083707075276,12.0451164738269
"531",2011-02-28,812,0,4.93274312873068,3.96187889620386,5.18268040433658,6.53699231814402,6.18438492121995,5.00091487243155,0,0,FALSE,6.08396053169121,8.10739481713771,6.19919675093749,4.54972014120361,4.65944684544205,3.83978415276108,5.76019653562901,3.77592442822129,5.70490630479434,8.04077612335733,8.94748124074042,10.6358715106054,8.3180028440507,7.70241093235708,8.58083707075276
"532",2011-03-07,746,0,5.9281122347841,4.93274312873068,3.96187889620386,5.18268040433658,6.53699231814402,6.18438492121995,0,0,FALSE,5.00091487243155,6.08396053169121,8.10739481713771,6.19919675093749,4.54972014120361,4.65944684544205,3.83978415276108,5.76019653562901,3.77592442822129,5.70490630479434,8.04077612335733,8.94748124074042,10.6358715106054,8.3180028440507,7.70241093235708
"533",2011-03-14,743,0,7.67697600063498,5.9281122347841,4.93274312873068,3.96187889620386,5.18268040433658,6.53699231814402,0,0,FALSE,6.18438492121995,5.00091487243155,6.08396053169121,8.10739481713771,6.19919675093749,4.54972014120361,4.65944684544205,3.83978415276108,5.76019653562901,3.77592442822129,5.70490630479434,8.04077612335733,8.94748124074042,10.6358715106054,8.3180028440507
"534",2011-03-21,760,0,6.77480815940181,7.67697600063498,5.9281122347841,4.93274312873068,3.96187889620386,5.18268040433658,0,0,FALSE,6.53699231814402,6.18438492121995,5.00091487243155,6.08396053169121,8.10739481713771,6.19919675093749,4.54972014120361,4.65944684544205,3.83978415276108,5.76019653562901,3.77592442822129,5.70490630479434,8.04077612335733,8.94748124074042,10.6358715106054
"535",2011-03-28,746,0,9.54077221121883,6.77480815940181,7.67697600063498,5.9281122347841,4.93274312873068,3.96187889620386,0,0,FALSE,5.18268040433658,6.53699231814402,6.18438492121995,5.00091487243155,6.08396053169121,8.10739481713771,6.19919675093749,4.54972014120361,4.65944684544205,3.83978415276108,5.76019653562901,3.77592442822129,5.70490630479434,8.04077612335733,8.94748124074042
"536",2011-04-04,806,0,9.30062334297476,9.54077221121883,6.77480815940181,7.67697600063498,5.9281122347841,4.93274312873068,0,0,FALSE,3.96187889620386,5.18268040433658,6.53699231814402,6.18438492121995,5.00091487243155,6.08396053169121,8.10739481713771,6.19919675093749,4.54972014120361,4.65944684544205,3.83978415276108,5.76019653562901,3.77592442822129,5.70490630479434,8.04077612335733
"537",2011-04-11,895,0,7.45918144128895,9.30062334297476,9.54077221121883,6.77480815940181,7.67697600063498,5.9281122347841,0,0,FALSE,4.93274312873068,3.96187889620386,5.18268040433658,6.53699231814402,6.18438492121995,5.00091487243155,6.08396053169121,8.10739481713771,6.19919675093749,4.54972014120361,4.65944684544205,3.83978415276108,5.76019653562901,3.77592442822129,5.70490630479434
"538",2011-04-18,775,0,8.99904883712884,7.45918144128895,9.30062334297476,9.54077221121883,6.77480815940181,7.67697600063498,0,0,FALSE,5.9281122347841,4.93274312873068,3.96187889620386,5.18268040433658,6.53699231814402,6.18438492121995,5.00091487243155,6.08396053169121,8.10739481713771,6.19919675093749,4.54972014120361,4.65944684544205,3.83978415276108,5.76019653562901,3.77592442822129
"539",2011-04-25,625,0,9.61561857504631,8.99904883712884,7.45918144128895,9.30062334297476,9.54077221121883,6.77480815940181,0,0,FALSE,7.67697600063498,5.9281122347841,4.93274312873068,3.96187889620386,5.18268040433658,6.53699231814402,6.18438492121995,5.00091487243155,6.08396053169121,8.10739481713771,6.19919675093749,4.54972014120361,4.65944684544205,3.83978415276108,5.76019653562901
"540",2011-05-02,1010,0,7.34087049936543,9.61561857504631,8.99904883712884,7.45918144128895,9.30062334297476,9.54077221121883,0,0,FALSE,6.77480815940181,7.67697600063498,5.9281122347841,4.93274312873068,3.96187889620386,5.18268040433658,6.53699231814402,6.18438492121995,5.00091487243155,6.08396053169121,8.10739481713771,6.19919675093749,4.54972014120361,4.65944684544205,3.83978415276108
"541",2011-05-09,980,0,10.6154118966202,7.34087049936543,9.61561857504631,8.99904883712884,7.45918144128895,9.30062334297476,0,0,FALSE,9.54077221121883,6.77480815940181,7.67697600063498,5.9281122347841,4.93274312873068,3.96187889620386,5.18268040433658,6.53699231814402,6.18438492121995,5.00091487243155,6.08396053169121,8.10739481713771,6.19919675093749,4.54972014120361,4.65944684544205
"542",2011-05-16,1181,0,12.7701804868933,10.6154118966202,7.34087049936543,9.61561857504631,8.99904883712884,7.45918144128895,0,0,FALSE,9.30062334297476,9.54077221121883,6.77480815940181,7.67697600063498,5.9281122347841,4.93274312873068,3.96187889620386,5.18268040433658,6.53699231814402,6.18438492121995,5.00091487243155,6.08396053169121,8.10739481713771,6.19919675093749,4.54972014120361
"543",2011-05-23,1565,0,10.3346340761935,12.7701804868933,10.6154118966202,7.34087049936543,9.61561857504631,8.99904883712884,0,0,TRUE,7.45918144128895,9.30062334297476,9.54077221121883,6.77480815940181,7.67697600063498,5.9281122347841,4.93274312873068,3.96187889620386,5.18268040433658,6.53699231814402,6.18438492121995,5.00091487243155,6.08396053169121,8.10739481713771,6.19919675093749
"544",2011-05-30,2244,0,13.657101409149,10.3346340761935,12.7701804868933,10.6154118966202,7.34087049936543,9.61561857504631,0,0,TRUE,8.99904883712884,7.45918144128895,9.30062334297476,9.54077221121883,6.77480815940181,7.67697600063498,5.9281122347841,4.93274312873068,3.96187889620386,5.18268040433658,6.53699231814402,6.18438492121995,5.00091487243155,6.08396053169121,8.10739481713771
"545",2011-06-06,2435,0,13.8798726744192,13.657101409149,10.3346340761935,12.7701804868933,10.6154118966202,7.34087049936543,0,0,TRUE,9.61561857504631,8.99904883712884,7.45918144128895,9.30062334297476,9.54077221121883,6.77480815940181,7.67697600063498,5.9281122347841,4.93274312873068,3.96187889620386,5.18268040433658,6.53699231814402,6.18438492121995,5.00091487243155,6.08396053169121
"546",2011-06-13,2186,0,14.1065505646892,13.8798726744192,13.657101409149,10.3346340761935,12.7701804868933,10.6154118966202,0,0,TRUE,7.34087049936543,9.61561857504631,8.99904883712884,7.45918144128895,9.30062334297476,9.54077221121883,6.77480815940181,7.67697600063498,5.9281122347841,4.93274312873068,3.96187889620386,5.18268040433658,6.53699231814402,6.18438492121995,5.00091487243155
"547",2011-06-20,2130,0,14.2260846078606,14.1065505646892,13.8798726744192,13.657101409149,10.3346340761935,12.7701804868933,0,0,TRUE,10.6154118966202,7.34087049936543,9.61561857504631,8.99904883712884,7.45918144128895,9.30062334297476,9.54077221121883,6.77480815940181,7.67697600063498,5.9281122347841,4.93274312873068,3.96187889620386,5.18268040433658,6.53699231814402,6.18438492121995
"548",2011-06-27,2324,0,14.3276923979288,14.2260846078606,14.1065505646892,13.8798726744192,13.657101409149,10.3346340761935,0,0,TRUE,12.7701804868933,10.6154118966202,7.34087049936543,9.61561857504631,8.99904883712884,7.45918144128895,9.30062334297476,9.54077221121883,6.77480815940181,7.67697600063498,5.9281122347841,4.93274312873068,3.96187889620386,5.18268040433658,6.53699231814402
"549",2011-07-04,2447,0,16.0187295396527,14.3276923979288,14.2260846078606,14.1065505646892,13.8798726744192,13.657101409149,0,0,TRUE,10.3346340761935,12.7701804868933,10.6154118966202,7.34087049936543,9.61561857504631,8.99904883712884,7.45918144128895,9.30062334297476,9.54077221121883,6.77480815940181,7.67697600063498,5.9281122347841,4.93274312873068,3.96187889620386,5.18268040433658
"550",2011-07-11,2389,0,14.9267365678758,16.0187295396527,14.3276923979288,14.2260846078606,14.1065505646892,13.8798726744192,0,0,TRUE,13.657101409149,10.3346340761935,12.7701804868933,10.6154118966202,7.34087049936543,9.61561857504631,8.99904883712884,7.45918144128895,9.30062334297476,9.54077221121883,6.77480815940181,7.67697600063498,5.9281122347841,4.93274312873068,3.96187889620386
"551",2011-07-18,2288,0,13.5233554713866,14.9267365678758,16.0187295396527,14.3276923979288,14.2260846078606,14.1065505646892,0,0,TRUE,13.8798726744192,13.657101409149,10.3346340761935,12.7701804868933,10.6154118966202,7.34087049936543,9.61561857504631,8.99904883712884,7.45918144128895,9.30062334297476,9.54077221121883,6.77480815940181,7.67697600063498,5.9281122347841,4.93274312873068
"552",2011-07-25,2079,0,14.5781963774751,13.5233554713866,14.9267365678758,16.0187295396527,14.3276923979288,14.2260846078606,0,0,TRUE,14.1065505646892,13.8798726744192,13.657101409149,10.3346340761935,12.7701804868933,10.6154118966202,7.34087049936543,9.61561857504631,8.99904883712884,7.45918144128895,9.30062334297476,9.54077221121883,6.77480815940181,7.67697600063498,5.9281122347841
"553",2011-08-01,1908,0,17.8401281568524,14.5781963774751,13.5233554713866,14.9267365678758,16.0187295396527,14.3276923979288,0,0,FALSE,14.2260846078606,14.1065505646892,13.8798726744192,13.657101409149,10.3346340761935,12.7701804868933,10.6154118966202,7.34087049936543,9.61561857504631,8.99904883712884,7.45918144128895,9.30062334297476,9.54077221121883,6.77480815940181,7.67697600063498
"554",2011-08-08,2120,0,14.8888995031593,17.8401281568524,14.5781963774751,13.5233554713866,14.9267365678758,16.0187295396527,0,0,FALSE,14.3276923979288,14.2260846078606,14.1065505646892,13.8798726744192,13.657101409149,10.3346340761935,12.7701804868933,10.6154118966202,7.34087049936543,9.61561857504631,8.99904883712884,7.45918144128895,9.30062334297476,9.54077221121883,6.77480815940181
"555",2011-08-15,2082,0,16.6551577502844,14.8888995031593,17.8401281568524,14.5781963774751,13.5233554713866,14.9267365678758,0,0,FALSE,16.0187295396527,14.3276923979288,14.2260846078606,14.1065505646892,13.8798726744192,13.657101409149,10.3346340761935,12.7701804868933,10.6154118966202,7.34087049936543,9.61561857504631,8.99904883712884,7.45918144128895,9.30062334297476,9.54077221121883
"556",2011-08-22,2098,0,18.3218483672752,16.6551577502844,14.8888995031593,17.8401281568524,14.5781963774751,13.5233554713866,0,0,FALSE,14.9267365678758,16.0187295396527,14.3276923979288,14.2260846078606,14.1065505646892,13.8798726744192,13.657101409149,10.3346340761935,12.7701804868933,10.6154118966202,7.34087049936543,9.61561857504631,8.99904883712884,7.45918144128895,9.30062334297476
"557",2011-08-29,2160,0,14.3787379281746,18.3218483672752,16.6551577502844,14.8888995031593,17.8401281568524,14.5781963774751,0,0,FALSE,13.5233554713866,14.9267365678758,16.0187295396527,14.3276923979288,14.2260846078606,14.1065505646892,13.8798726744192,13.657101409149,10.3346340761935,12.7701804868933,10.6154118966202,7.34087049936543,9.61561857504631,8.99904883712884,7.45918144128895
"558",2011-09-05,1975,0,15.7648177796844,14.3787379281746,18.3218483672752,16.6551577502844,14.8888995031593,17.8401281568524,0,0,FALSE,14.5781963774751,13.5233554713866,14.9267365678758,16.0187295396527,14.3276923979288,14.2260846078606,14.1065505646892,13.8798726744192,13.657101409149,10.3346340761935,12.7701804868933,10.6154118966202,7.34087049936543,9.61561857504631,8.99904883712884
"559",2011-09-12,1821,0,13.3987369103996,15.7648177796844,14.3787379281746,18.3218483672752,16.6551577502844,14.8888995031593,0,0,FALSE,17.8401281568524,14.5781963774751,13.5233554713866,14.9267365678758,16.0187295396527,14.3276923979288,14.2260846078606,14.1065505646892,13.8798726744192,13.657101409149,10.3346340761935,12.7701804868933,10.6154118966202,7.34087049936543,9.61561857504631
"560",2011-09-19,1700,0,12.2734732545195,13.3987369103996,15.7648177796844,14.3787379281746,18.3218483672752,16.6551577502844,0,0,FALSE,14.8888995031593,17.8401281568524,14.5781963774751,13.5233554713866,14.9267365678758,16.0187295396527,14.3276923979288,14.2260846078606,14.1065505646892,13.8798726744192,13.657101409149,10.3346340761935,12.7701804868933,10.6154118966202,7.34087049936543
"561",2011-09-26,1385,0,14.5834743673697,12.2734732545195,13.3987369103996,15.7648177796844,14.3787379281746,18.3218483672752,0,0,FALSE,16.6551577502844,14.8888995031593,17.8401281568524,14.5781963774751,13.5233554713866,14.9267365678758,16.0187295396527,14.3276923979288,14.2260846078606,14.1065505646892,13.8798726744192,13.657101409149,10.3346340761935,12.7701804868933,10.6154118966202
"562",2011-10-03,1196,0,11.917944205123,14.5834743673697,12.2734732545195,13.3987369103996,15.7648177796844,14.3787379281746,0,0,FALSE,18.3218483672752,16.6551577502844,14.8888995031593,17.8401281568524,14.5781963774751,13.5233554713866,14.9267365678758,16.0187295396527,14.3276923979288,14.2260846078606,14.1065505646892,13.8798726744192,13.657101409149,10.3346340761935,12.7701804868933
"563",2011-10-10,1482,0,10.0180969628136,11.917944205123,14.5834743673697,12.2734732545195,13.3987369103996,15.7648177796844,0,0,FALSE,14.3787379281746,18.3218483672752,16.6551577502844,14.8888995031593,17.8401281568524,14.5781963774751,13.5233554713866,14.9267365678758,16.0187295396527,14.3276923979288,14.2260846078606,14.1065505646892,13.8798726744192,13.657101409149,10.3346340761935
"564",2011-10-17,1550,0,7.94455546492702,10.0180969628136,11.917944205123,14.5834743673697,12.2734732545195,13.3987369103996,0,0,FALSE,15.7648177796844,14.3787379281746,18.3218483672752,16.6551577502844,14.8888995031593,17.8401281568524,14.5781963774751,13.5233554713866,14.9267365678758,16.0187295396527,14.3276923979288,14.2260846078606,14.1065505646892,13.8798726744192,13.657101409149
"565",2011-10-24,1435,0,10.1221088258378,7.94455546492702,10.0180969628136,11.917944205123,14.5834743673697,12.2734732545195,0,0,FALSE,13.3987369103996,15.7648177796844,14.3787379281746,18.3218483672752,16.6551577502844,14.8888995031593,17.8401281568524,14.5781963774751,13.5233554713866,14.9267365678758,16.0187295396527,14.3276923979288,14.2260846078606,14.1065505646892,13.8798726744192
"566",2011-10-31,1188,0,10.2599565861998,10.1221088258378,7.94455546492702,10.0180969628136,11.917944205123,14.5834743673697,0,0,FALSE,12.2734732545195,13.3987369103996,15.7648177796844,14.3787379281746,18.3218483672752,16.6551577502844,14.8888995031593,17.8401281568524,14.5781963774751,13.5233554713866,14.9267365678758,16.0187295396527,14.3276923979288,14.2260846078606,14.1065505646892
"567",2011-11-07,1336,0,7.81815741388257,10.2599565861998,10.1221088258378,7.94455546492702,10.0180969628136,11.917944205123,0,0,FALSE,14.5834743673697,12.2734732545195,13.3987369103996,15.7648177796844,14.3787379281746,18.3218483672752,16.6551577502844,14.8888995031593,17.8401281568524,14.5781963774751,13.5233554713866,14.9267365678758,16.0187295396527,14.3276923979288,14.2260846078606
"568",2011-11-14,1217,0,6.76381187976691,7.81815741388257,10.2599565861998,10.1221088258378,7.94455546492702,10.0180969628136,0,0,FALSE,11.917944205123,14.5834743673697,12.2734732545195,13.3987369103996,15.7648177796844,14.3787379281746,18.3218483672752,16.6551577502844,14.8888995031593,17.8401281568524,14.5781963774751,13.5233554713866,14.9267365678758,16.0187295396527,14.3276923979288
"569",2011-11-21,1052,0,7.21065009474078,6.76381187976691,7.81815741388257,10.2599565861998,10.1221088258378,7.94455546492702,0,0,FALSE,10.0180969628136,11.917944205123,14.5834743673697,12.2734732545195,13.3987369103996,15.7648177796844,14.3787379281746,18.3218483672752,16.6551577502844,14.8888995031593,17.8401281568524,14.5781963774751,13.5233554713866,14.9267365678758,16.0187295396527
"570",2011-11-28,998,0,7.87197684401225,7.21065009474078,6.76381187976691,7.81815741388257,10.2599565861998,10.1221088258378,0,0,FALSE,7.94455546492702,10.0180969628136,11.917944205123,14.5834743673697,12.2734732545195,13.3987369103996,15.7648177796844,14.3787379281746,18.3218483672752,16.6551577502844,14.8888995031593,17.8401281568524,14.5781963774751,13.5233554713866,14.9267365678758
"571",2011-12-05,986,0,6.64211402128577,7.87197684401225,7.21065009474078,6.76381187976691,7.81815741388257,10.2599565861998,0,0,FALSE,10.1221088258378,7.94455546492702,10.0180969628136,11.917944205123,14.5834743673697,12.2734732545195,13.3987369103996,15.7648177796844,14.3787379281746,18.3218483672752,16.6551577502844,14.8888995031593,17.8401281568524,14.5781963774751,13.5233554713866
"572",2011-12-12,872,0,6.91996027058468,6.64211402128577,7.87197684401225,7.21065009474078,6.76381187976691,7.81815741388257,0,0,FALSE,10.2599565861998,10.1221088258378,7.94455546492702,10.0180969628136,11.917944205123,14.5834743673697,12.2734732545195,13.3987369103996,15.7648177796844,14.3787379281746,18.3218483672752,16.6551577502844,14.8888995031593,17.8401281568524,14.5781963774751
"573",2011-12-19,882,0,7.24596823735306,6.91996027058468,6.64211402128577,7.87197684401225,7.21065009474078,6.76381187976691,0,1,FALSE,7.81815741388257,10.2599565861998,10.1221088258378,7.94455546492702,10.0180969628136,11.917944205123,14.5834743673697,12.2734732545195,13.3987369103996,15.7648177796844,14.3787379281746,18.3218483672752,16.6551577502844,14.8888995031593,17.8401281568524
"574",2011-12-26,514,0,NA,7.24596823735306,6.91996027058468,6.64211402128577,7.87197684401225,7.21065009474078,0,1,FALSE,6.76381187976691,7.81815741388257,10.2599565861998,10.1221088258378,7.94455546492702,10.0180969628136,11.917944205123,14.5834743673697,12.2734732545195,13.3987369103996,15.7648177796844,14.3787379281746,18.3218483672752,16.6551577502844,14.8888995031593
